300 300 1000
284 287
178 116
294 236
287 193
250 122
63 128
291 260
264 227
241 127
173 137
12 69
268 130
183 231
63 224
68 236
30 103
223 259
270 268
194 257
212 143
130 274
22 120
285 38
99 225
216 271
114 227
92 81
57 274
63 171
197 182
106 226
285 28
237 6
47 130
14 258
25 196
283 46
15 268
135 165
244 51
188 109
277 279
189 85
4 252
255 200
133 61
177 169
140 113
227 187
295 240
196 71
135 179
168 202
198 3
118 193
53 57
2 81
87 242
166 90
245 120
41 130
232 218
298 72
82 276
10 128
268 257
198 154
187 66
107 84
120 225
29 172
33 30
4 120
271 169
209 216
41 250
97 24
219 146
147 52
122 156
180 89
165 129
242 51
194 101
135 65
25 215
288 57
244 292
228 266
160 137
233 252
138 29
276 108
175 122
159 296
30 38
136 194
219 129
244 112
229 130
177 5
44 164
114 39
207 41
5 119
229 289
70 118
18 97
225 244
271 84
291 300
173 126
245 91
6 240
255 287
70 183
43 165
98 208
256 5
249 12
123 229
300 244
47 69
41 23
12 11
106 2
62 31
179 6
121 237
245 127
223 66
9 17
283 159
225 238
163 225
1 37
153 300
280 251
69 72
274 132
82 131
134 195
161 64
200 282
300 197
160 274
14 169
291 296
27 267
285 241
191 285
277 43
37 8
46 157
80 19
288 213
149 173
160 10
237 111
43 288
7 202
14 73
122 56
120 200
22 105
140 212
141 168
6 229
228 51
85 59
121 125
23 270
297 182
31 285
293 73
273 51
26 286
123 200
41 243
99 114
99 291
25 291
210 82
220 137
133 56
195 5
180 270
274 177
151 56
161 143
180 185
194 206
222 68
105 14
62 255
127 160
245 203
203 207
285 122
43 169
229 290
173 109
259 199
37 109
254 249
4 134
134 249
91 55
68 247
69 130
201 247
289 198
150 191
104 134
64 198
54 293
187 226
153 197
176 189
58 130
137 61
15 22
61 105
129 128
51 249
257 3
195 298
200 44
240 3
229 4
201 282
48 139
260 252
36 135
140 93
16 28
205 30
50 265
186 230
144 236
178 101
239 72
150 190
168 89
193 96
144 145
130 191
283 141
142 70
27 33
162 43
61 118
124 162
82 10
91 226
297 268
78 235
91 227
125 258
15 69
106 159
213 287
101 247
127 295
17 153
79 230
247 191
48 71
52 181
132 194
158 128
213 287
115 56
213 291
13 280
111 170
190 75
156 42
21 34
88 89
239 167
71 185
57 118
7 161
50 138
106 260
18 19
246 184
74 159
174 138
190 284
8 79
58 215
172 130
1 260
219 239
126 289
175 234
158 182
94 259
71 200
218 140
270 164
23 95
74 248
232 263
283 291
93 92
258 16
222 258
275 192
248 152
232 122
138 141
55 231
99 126
182 17
17 203
232 40
297 5
39 281
19 22
271 163
113 280
178 86
237 205
277 184
108 260
58 245
100 112
228 251
237 161
19 6
64 250
45 112
6 135
92 76
156 115
290 269
94 219
106 83
123 83
18 231
94 75
227 194
187 154
144 175
15 214
180 78
163 276
189 220
111 33
295 18
147 36
38 292
254 144
74 129
226 92
111 19
218 37
264 156
191 159
31 205
72 262
34 286
290 274
205 152
6 251
169 204
286 207
196 240
50 21
68 27
164 178
97 82
266 61
237 156
271 19
112 43
33 197
80 22
171 285
173 228
235 41
184 273
299 131
264 48
151 31
74 15
260 223
148 225
283 136
133 5
155 244
99 187
141 179
260 63
163 184
42 149
224 225
173 223
55 136
22 258
166 148
272 177
70 119
102 104
254 234
108 160
229 207
98 121
85 109
235 299
292 277
199 216
253 72
190 60
207 211
17 125
110 40
1 179
210 154
282 215
139 90
127 68
48 224
188 132
33 123
182 76
151 80
291 155
151 232
214 58
195 282
182 4
21 234
183 282
88 216
197 226
5 23
293 52
298 233
235 82
107 116
158 9
196 200
163 98
184 77
155 78
110 88
133 183
22 67
164 161
283 112
86 287
186 131
91 184
115 77
17 221
193 226
229 140
126 91
237 61
219 144
138 29
283 22
211 56
89 126
216 71
238 54
109 123
184 251
58 298
28 127
270 272
52 250
111 229
40 99
289 11
294 178
91 277
200 53
32 288
178 300
58 167
53 218
42 236
169 99
285 196
277 6
167 29
255 29
9 294
179 298
56 173
175 146
201 126
198 284
113 128
283 222
294 35
140 35
22 60
186 58
255 162
63 173
242 17
253 251
63 183
300 118
55 174
16 7
52 265
291 164
92 273
60 29
172 81
88 57
191 42
271 253
266 212
270 218
162 84
152 213
201 207
139 268
265 190
233 255
105 76
280 242
213 39
270 137
171 57
245 61
150 215
66 115
127 87
84 40
170 236
253 122
194 91
90 210
32 74
165 136
149 196
78 114
234 99
250 156
156 194
269 57
161 34
224 287
172 59
78 41
46 82
162 291
224 251
201 255
76 65
143 225
260 220
90 245
70 39
152 277
284 120
34 144
205 257
182 76
67 12
168 113
93 30
103 69
32 3
75 108
119 217
84 78
188 173
74 258
263 226
234 298
97 19
142 54
27 75
181 94
86 49
206 231
130 60
299 161
63 125
20 181
42 103
11 281
27 84
290 41
9 224
39 158
294 232
211 21
6 91
114 92
139 71
22 268
130 72
181 244
196 200
125 289
55 187
270 133
270 11
174 31
234 264
188 280
195 150
300 252
240 165
43 131
287 116
150 116
187 82
112 135
34 288
123 88
174 144
220 143
155 145
225 140
160 164
119 54
13 170
6 5
34 100
135 20
216 36
188 154
170 51
288 203
38 163
290 211
6 261
105 212
158 30
104 17
193 222
123 206
144 180
262 229
279 148
1 246
183 188
100 52
290 87
254 27
249 295
237 7
8 93
218 165
122 21
181 67
295 55
24 138
234 285
118 213
132 118
210 66
57 9
170 46
96 123
72 96
170 60
102 177
153 72
41 26
144 273
92 190
28 167
79 13
151 197
225 34
14 187
100 71
195 269
116 42
143 240
138 64
299 291
240 203
114 32
229 258
5 72
147 84
239 226
96 141
122 73
227 135
259 26
257 153
46 73
247 240
12 84
4 62
126 243
17 240
275 245
197 31
68 95
114 58
20 261
251 193
33 177
80 291
254 36
196 299
108 142
238 171
277 241
285 102
184 1
93 210
297 41
240 64
136 105
174 207
65 124
152 150
52 231
140 5
266 87
3 126
280 292
48 8
285 32
162 220
32 254
129 28
295 120
144 182
224 69
88 40
244 239
189 295
221 81
299 187
219 53
64 199
96 111
206 80
143 67
299 226
73 179
254 67
298 149
248 273
217 87
13 160
78 201
154 298
33 204
236 252
8 299
150 155
162 107
235 4
226 285
229 298
164 234
116 161
82 115
186 298
201 198
209 30
150 114
80 235
17 15
186 76
66 87
231 227
193 217
230 170
253 210
167 116
196 34
29 277
148 214
27 101
163 287
130 64
101 209
298 117
276 183
245 41
21 227
19 266
195 300
135 147
209 54
263 104
87 43
133 235
8 211
35 170
197 216
285 297
125 283
166 152
217 162
244 238
88 262
203 282
261 89
180 221
142 194
25 229
236 209
163 243
171 197
164 67
112 201
116 288
235 33
191 151
194 134
140 281
95 94
14 55
183 245
276 24
139 52
252 74
12 166
69 182
114 284
300 278
236 115
265 170
147 208
73 92
41 212
124 188
58 137
294 240
82 21
15 272
72 19
97 135
184 165
68 298
201 68
275 136
234 291
58 133
250 130
224 291
93 48
230 150
236 223
141 69
244 156
40 67
226 137
254 161
53 21
158 5
88 184
141 22
227 198
206 228
79 129
270 171
228 199
21 164
122 161
284 117
68 24
183 293
212 136
154 264
209 63
269 296
299 161
69 277
110 274
204 188
155 174
58 82
124 130
297 245
43 281
113 110
56 48
155 267
235 60
282 143
174 2
139 172
214 259
200 23
285 156
262 191
81 72
24 204
201 21
201 243
53 13
105 108
60 259
126 295
18 159
137 191
161 27
115 74
38 66
149 22
221 110
264 1
233 287
205 134
59 157
128 111
169 232
270 229
242 147
275 259
6 111
202 166
190 68
291 227
133 139
300 106
1 263
158 233
249 62
118 8
270 298
170 139
229 140
119 171
286 93
181 43
255 134
208 144
201 251
122 86
89 121
191 141
135 48
126 84
162 295
143 131
292 64
21 221
255 139
143 293
231 23
35 186
209 295
81 109
245 203
246 85
23 188
226 158
236 103
293 149
97 187
31 141
250 52
113 257
190 255
249 173
29 283
58 289
277 138
98 221
40 95
6 115
24 270
137 16
118 285
254 200
125 255
251 237
211 193
243 159
65 24
142 122
12 170
11 161
91 103
256 148
217 290
182 240
259 18
7 76
2 12
275 179
266 278
167 177
170 162
35 234
237 228
107 300
