318891376
16979128
53203488
855460761
763232327
826871556
3312292
6106963
4877274
979971711
3904858
734203908
878499992
272142524
21482318
281572500
623916251
81250884
626698490
630885745
396302492
850136
615508532
813938828
555376780
810395519
219606944
850138043
225962143
218082
676362246
631837195
228248472
393372523
952280608
8428614
15280833
3423360
8253113
6222670
3846350
214962
3965703
2075807
8760361
6192232
12647296
12794422
520331553
190610944
5382914
970887465
384703752
1665218
851972
683006660
774496211
12780
72345
37468264
773873781
230135054
370994377
92020793
695903191
917711422
912524586
889107493
610404283
850277160
350997802
475408
320824833
362488796
542115714
719514448
66438
480098419
258420062
149463855
875026990
641755642
514748793
1086048
172606750
118212762
57906037
871580491
429304628
893150232
898679383
924171041
715005575
401588
614317693
231688445
213699811
530439794
1057400
886659211
620340101
285774403
480339557
123222114
575248753
721369877
41285063
437615578
540990
367714509
820027553
484612359
244648571
32736
437848303
2710787
13258515
617265482
725831325
218616576
433417584
61025235
725725554
431859427
728446766
790499502
241065576
490471463
179390922
5043154
348095925
105998742
791024803
247715148
333286149
285888065
230975052
562020078
104895234
669378701
314264
308362756
526436230
165888
443664661
615943896
117172122
585508279
200676824
3363960
3509154
745959776
457914524
808621295
753055182
410982
84728933
459704293
711968
3960322
665506
8069581
40920
1401687
224906350
141407052
224720755
599044866
2909628
421869250
11222597
134026208
141128842
214693537
437044944
587572273
26483781
535084265
1307766
592034793
403768329
130622714
6478319
7479960
2362830
780945107
902802626
930903024
355048437
57380
713999535
838688414
735188238
768882106
3905145
3515289
163620052
321579910
171362167
718936674
801287022
962509596
747358694
26172603
5439715
873565
174980611
411806392
425565998
943941320
241131057
877786658
395292931
681608555
2719935
139464
797791783
893730901
155636065
1637355
399294313
107850598
87445103
4036763
14889783
969268
15321093
4309092
96390
424121797
35428791
267927890
219759233
4319676
259613982
6429062
488209695
285737193
466742056
185854799
323200971
378677630
113883248
561597760
885684925
19600559
462175653
91870098
612965180
127647703
788310
285397695
879420972
957177632
805413362
799284265
766743338
788682169
635691513
946200013
732241587
233820602
853250930
996173211
278118555
421762728
382673693
419218194
4061915
533644141
9520045
7021183
436952821
2374266
990862159
103440904
952667944
709294533
486889812
212471562
390018374
313055305
6326472
7539768
13924016
2508526
483294
573427251
1610980
888580
4394432
35423431
546672355
16676
2573504
723744
629095593
1390884
183407038
262878476
563472
899388
144180562
318693944
89344850
246784853
208544650
97239330
947111587
825504940
858765500
118967919
655665844
941083688
294878251
1292535
88260962
222715251
830514013
480339
521920210
261380118
431560188
8546056
965348447
818384425
28783359
919991805
492552680
393776671
874983547
499985
658825
6439590
14224866
7063080
176943727
