100
2 99.9992 43.2233
0.0008 15.1895
99.9999 43.4989
2 45.4930 56.8687
8.4118 64.0643
71.2379 30.7499
2 99.9992 53.6916
0.0004 53.6916
0.0005 52.5756
2 99.9994 40.5251
99.9993 40.5251
99.9999 99.8738
2 0.0009 37.5414
99.9997 37.5414
99.9993 30.0982
2 35.9863 86.0564
82.7675 3.4546
77.3299 3.4546
2 0.0005 15.1578
99.9999 15.1578
38.3298 42.5608
2 100.0000 88.3984
99.9999 88.3984
0.0001 88.3983
2 0.0001 0.1000
0.0001 0.1001
0.0001 0.1002
2 65.1341 23.0604
31.5144 56.6818
53.2400 23.0614
2 0.0006 17.7191
99.9997 3.7249
0.0011 31.7133
2 0.0007 88.5645
0.0005 60.9809
0.0010 88.5645
2 99.9994 33.6812
0.0010 42.8298
0.0003 33.6812
2 99.9999 8.9406
99.9994 8.9406
99.9995 81.8525
2 99.9996 6.2781
99.9997 13.2479
99.9991 6.2709
2 99.9996 30.6205
0.0004 16.3252
0.0008 30.7790
1 10.0000 50.0000
0.2000 50.0000
2 99.9998 57.5238
99.9996 32.5969
99.9994 57.5238
2 0.0005 36.6614
68.3683 36.6614
99.9997 27.9964
2 99.9998 36.6579
0.0002 36.6063
39.7690 59.5838
2 0.0006 88.1181
99.9996 88.1181
99.9998 68.4168
2 0.0011 27.2141
0.0009 27.1778
99.9990 36.9962
2 12.2301 63.4814
99.9999 63.4814
100.0000 63.4814
2 0.0001 0.1001
0.0001 0.1000
0.0001 0.1003
1 78.5614 99.9000
52.0269 99.9000
2 99.9991 44.5831
0.0003 17.7654
99.9991 44.5831
2 59.1081 96.8236
85.9566 98.5488
45.9915 93.5993
2 0.0005 73.8721
0.0007 73.8721
0.0007 63.1703
1 21.4930 59.4917
82.0143 59.4928
2 0.0008 82.6431
0.0003 83.0603
99.9998 70.4862
1 74.5822 80.5896
87.3015 80.5896
2 16.3382 99.9000
44.4390 70.5576
10.9794 99.9000
2 99.9996 0.9105
19.4608 8.8580
0.0010 0.9105
2 99.9999 69.8200
0.0006 69.8211
100.0000 81.3563
2 0.0008 74.5899
99.9993 51.9229
0.0007 74.5899
2 0.0006 55.6673
0.0006 29.5441
0.0008 81.7906
2 99.9996 67.2272
0.0003 55.1229
99.9999 67.2272
2 99.9995 43.7108
99.9994 11.7896
99.9997 43.7108
2 99.9993 32.5579
99.9999 9.3720
78.5246 32.8630
2 99.9998 86.6051
0.0002 6.4391
99.9992 86.6051
2 99.9993 29.1847
0.0006 85.4289
0.0008 29.1456
2 99.9994 94.3982
99.9999 2.3351
99.9992 94.3982
2 0.0008 1.9258
0.0003 68.4909
0.0005 1.9230
2 100.0000 30.0646
89.7849 20.4467
38.0202 39.6825
2 35.2445 61.5704
54.4769 33.4958
24.1752 61.5694
2 1.0887 22.0536
0.0002 22.0536
0.0001 22.0536
2 0.0003 74.0279
99.9995 74.6964
99.9993 73.9265
2 30.0000 65.4321
0.0001 50.0000
100.0000 99.9000
2 0.0001 96.2112
87.5874 96.4481
0.0006 13.3415
2 1.4630 90.5247
0.0001 1.3911
99.9996 90.5248
2 0.0004 17.2716
0.0010 17.2716
99.9998 12.0565
2 0.0003 19.2457
99.9993 94.2816
99.9992 19.2457
2 68.1210 22.5555
66.1963 6.7503
14.9184 92.6868
2 5.0000 99.9000
30.0000 99.8999
20.0000 99.7000
2 77.7723 98.7757
10.6687 66.8803
93.5742 3.5145
2 100.0000 88.3983
0.0001 88.3983
99.9999 88.3984
1 72.7098 99.9000
90.7687 23.1409
2 99.9991 18.4490
0.0006 66.4329
99.9996 18.4490
2 0.0006 22.6734
99.9998 22.6734
0.0011 44.5000
2 0.0006 88.5936
0.0007 26.7971
0.0010 88.9583
2 0.0007 46.7057
0.0009 23.2140
0.0008 46.7057
2 0.0006 24.5433
99.9992 59.9211
0.0003 24.5433
2 100.0000 75.6127
70.0263 75.6127
27.0364 27.7990
2 99.9995 45.9620
99.9996 46.0502
99.9994 45.9620
2 0.0009 18.5959
0.0005 55.0376
99.9990 18.5959
2 99.9998 82.1457
99.9992 93.8925
0.0010 70.3990
2 99.9999 93.1346
99.9994 93.1346
99.9994 94.8365
2 0.0004 28.5354
0.0003 71.0353
0.0011 28.5014
2 0.0011 40.1573
0.0008 68.9971
99.9994 11.3174
2 99.9996 37.2938
99.9993 19.9963
62.2531 37.2938
2 99.9995 28.7422
80.3785 0.1692
99.9999 28.7422
2 0.0001 0.5189
0.0009 0.5182
0.0007 87.7115
2 99.9997 39.0953
99.9998 69.1706
0.0009 39.0436
2 0.0003 79.8138
0.0003 79.8135
0.0008 9.3145
2 99.9992 61.7405
99.9991 62.1307
99.9992 20.8967
2 0.0001 64.6179
72.9104 45.1447
86.1604 84.0911
2 100.0000 65.1587
0.0001 65.1587
99.9999 65.1586
2 0.0006 87.7628
99.9997 87.9445
99.9996 82.5441
2 0.0004 49.6312
0.0007 42.4544
0.0003 49.7265
2 99.9994 41.2924
99.9995 33.2438
99.9991 49.3410
2 99.9998 44.9488
0.0006 1.6677
99.9997 44.9488
2 99.9990 89.8349
99.9994 83.9373
22.0874 95.7325
2 83.5609 59.0661
95.4837 64.0564
70.9040 74.9510
2 0.0001 77.2831
0.0001 97.3911
0.0001 57.1751
2 99.4808 76.9326
99.9999 76.9326
100.0000 76.9326
2 100.0000 65.1586
99.9999 65.1586
0.0001 65.1587
2 0.0003 60.0934
99.9995 60.0934
30.2663 81.0505
2 87.5698 67.1896
53.3256 67.1896
93.9453 67.1896
1 26.3268 0.1000
51.3544 11.6085
2 99.9993 55.1787
99.9992 56.1393
99.9993 55.1189
2 99.9997 68.7962
99.9995 69.3840
0.0001 11.9172
2 99.9995 94.2914
0.0006 66.7604
0.0007 94.2914
2 0.0005 69.9224
99.9999 91.4090
99.9992 48.4359
2 58.2358 0.1000
28.7271 22.3924
79.6074 0.1000
2 99.9996 20.7575
0.0008 46.4369
0.0003 20.7575
2 99.9998 3.5566
0.0002 50.1819
99.9997 3.5566
2 100.0000 13.1994
0.0005 3.2817
0.0011 23.1171
2 99.9994 42.4391
0.0005 42.4391
99.9999 87.4973
2 0.0004 7.8931
99.9993 7.8825
51.4292 87.9505
2 0.0007 34.1179
0.0003 34.1179
0.0005 70.5999
