100
2 21.3924 87.8709
9.1972 24.8204
38.7396 94.9670
2 99.9997 73.6040
99.9991 73.7322
99.9990 42.5169
2 0.0003 73.3799
99.9995 73.9452
99.9997 2.8664
2 99.9998 67.1736
99.9995 46.0730
99.9991 67.1736
2 99.9997 11.7393
99.9995 12.5551
100.0000 10.9236
1 51.0305 0.1000
22.0843 98.0342
2 99.9999 61.7023
99.9997 1.2578
14.3329 61.7023
1 10.0000 50.0000
0.2000 50.0000
1 93.1855 27.5120
52.9686 27.5130
2 0.0008 74.4830
0.0009 16.3697
0.0005 74.8401
2 79.1175 8.3070
0.0005 1.6768
100.0000 8.3070
2 0.0003 41.6018
99.9990 8.5872
99.9999 74.6165
2 0.0009 67.4820
99.9999 67.4820
99.9992 18.6539
2 99.9992 64.5377
0.0002 8.0353
0.0001 64.6570
2 0.0001 0.1001
0.0001 0.1003
0.0001 0.1000
2 93.8368 23.4894
19.9558 49.5497
78.7455 71.7979
2 0.0009 68.2607
0.0004 40.4826
99.9992 68.2607
2 0.0009 16.7466
3.6645 76.2098
0.0007 16.7269
2 0.0005 50.9146
99.9994 50.9146
99.9991 50.0405
2 0.0008 92.1053
0.0008 93.7933
0.0003 92.1053
2 99.9997 66.6504
99.9996 76.8412
0.0010 66.5772
2 99.9990 36.1175
0.0002 2.9933
0.0009 69.2416
1 23.3389 0.1000
97.6682 0.1000
2 99.9995 28.7422
80.3785 0.1692
99.9999 28.7422
2 99.9991 24.8873
99.9999 70.3764
99.9994 24.8611
2 100.0000 88.3983
99.9999 88.3984
0.0001 88.3983
2 99.9992 24.1583
99.9996 70.0196
99.9996 24.1247
2 100.0000 62.4770
0.0006 44.1641
0.0006 62.4770
2 99.9995 17.1753
100.0000 10.1400
0.0007 24.2106
2 26.5469 60.0718
22.9001 96.6851
15.6936 6.6457
2 99.9999 40.6034
0.0008 48.0490
99.9991 40.6034
2 99.9994 88.0815
0.0001 88.0815
0.0009 25.0737
1 94.9875 99.9000
50.3188 75.4632
2 99.9998 24.2636
0.0005 19.8908
0.0009 24.3845
2 99.9998 44.9488
0.0006 1.6677
99.9997 44.9488
2 0.0011 73.6884
0.0009 73.6884
0.0005 92.2259
2 99.9995 98.4867
0.0004 99.2093
100.0000 22.0202
2 18.0099 19.3057
62.8906 19.3068
57.9159 95.6038
2 0.0010 35.1936
0.0004 49.7911
99.9990 20.5962
1 30.6553 99.9000
63.7866 99.9000
2 99.9998 39.6131
0.0008 47.0940
96.6483 32.1322
2 0.0008 45.8663
0.0003 62.3617
0.0007 45.8029
2 0.0008 56.1305
99.9990 1.8296
0.0009 56.4556
2 82.1267 93.2401
11.9133 93.2401
68.0072 93.2401
1 59.7421 85.1564
57.2380 87.1468
2 100.0000 75.6127
70.0263 75.6127
27.0364 27.7990
2 0.0007 87.1350
99.9999 47.7413
30.7346 87.1350
2 99.9993 69.8818
0.0010 97.9150
0.0010 41.8486
1 22.9136 8.0217
55.5605 62.4543
2 99.9994 65.8908
99.9999 66.1484
99.9996 55.3441
2 99.9997 8.2323
99.9991 8.2323
0.0008 16.7547
2 99.9994 35.7429
0.0007 30.1786
99.9994 35.7429
2 0.0009 91.2431
0.0003 95.8427
99.9998 86.6435
2 99.9999 28.3647
0.0009 28.3283
0.0002 51.4290
2 99.9994 77.7490
99.9991 13.6306
99.9994 77.7490
2 30.0000 65.4321
0.0001 50.0000
100.0000 99.9000
2 0.0006 76.3126
99.9993 90.4565
99.9993 76.3126
2 100.0000 63.2070
87.0990 29.7769
58.8799 96.6371
2 0.0007 68.7802
0.0011 68.7802
0.0004 63.3406
2 0.0011 43.7887
99.9998 28.5577
99.9994 59.0197
2 0.0001 26.2387
26.0761 23.9713
53.5272 28.5061
2 0.0005 41.6830
0.0006 41.6830
99.9990 75.5116
2 0.0007 68.0667
0.0003 67.9668
99.9993 91.7165
2 99.4808 76.9326
99.9999 76.9326
100.0000 76.9326
2 0.0005 65.0404
81.5311 65.0404
0.0009 43.3717
2 0.0004 32.1465
100.0000 7.9350
0.0003 32.3882
2 0.0006 65.2913
0.0008 65.2913
99.9994 43.6132
2 59.1081 96.8236
85.9566 98.5488
45.9915 93.5993
2 85.5172 65.6368
17.2997 21.4489
95.7207 21.4489
2 0.0002 50.6507
0.0002 50.6504
0.0010 30.3832
1 26.1290 37.8701
40.4142 37.8701
2 5.0000 99.9000
30.0000 99.8999
20.0000 99.7000
2 0.0001 77.2831
0.0001 97.3911
0.0001 57.1751
2 0.0004 66.8570
86.9339 67.4773
99.9998 38.5487
2 99.9998 87.3422
0.0006 29.1792
0.0001 87.3422
2 99.9994 29.4818
0.0007 56.4665
0.0005 29.4481
2 99.9995 98.4350
47.6379 41.7480
99.9994 98.4350
2 0.0010 47.0401
99.9996 47.0401
28.9224 79.6295
2 0.0001 75.2140
99.9996 75.4909
0.0010 9.8871
2 39.1249 89.0215
35.6084 4.0897
26.8169 89.0208
2 0.0009 50.6232
99.9995 50.5693
99.9994 95.7540
2 42.3179 2.1301
99.9999 2.1301
100.0000 2.1301
2 99.9998 6.2618
0.0008 50.2232
99.9990 6.2618
2 99.9992 53.4554
0.0007 60.1730
99.9996 53.4554
2 99.9992 20.5082
99.9990 20.5082
99.9996 41.8601
2 0.0011 55.8699
99.9992 55.8699
99.9999 90.7244
2 0.0007 60.2245
0.0008 60.2245
0.0002 43.3968
2 100.0000 49.4908
63.7390 64.4482
15.6357 34.5335
2 0.0003 43.9810
37.9246 70.1183
99.9995 43.9821
2 100.0000 88.3984
0.0001 88.3983
99.9999 88.3984
2 99.9994 81.2068
79.4040 81.8435
0.0010 20.2497
2 0.0007 60.6167
0.0007 92.7273
0.0006 28.5062
2 100.0000 65.1587
99.9999 65.1586
0.0001 65.1587
2 99.9995 35.3346
99.9995 8.4229
0.0005 35.3346
2 100.0000 65.1586
99.9999 65.1586
0.0001 65.1587
2 99.9993 24.0169
0.0011 24.0169
0.0011 27.6035
2 1.4136 55.0445
0.0001 55.0445
0.0002 55.0445
2 99.9997 77.9216
74.0549 77.9216
99.9994 6.1068
2 99.9999 6.2078
99.9998 6.2003
0.0003 72.5938
2 0.0001 0.1000
0.0001 0.1001
0.0001 0.1002
