100
2 0.0005 92.9524
96.1832 50.7849
99.9993 92.9524
2 99.9997 35.3411
99.9993 35.3411
100.0000 72.8921
2 100.0000 65.1586
99.9999 65.1586
0.0001 65.1587
2 0.0001 0.1000
0.0001 0.1001
0.0001 0.1002
1 56.0755 99.9000
6.2119 99.9000
2 99.9994 79.5770
0.0001 39.0456
99.9996 79.5770
2 99.9992 91.9365
99.9994 91.9365
0.0004 63.8635
2 42.1941 53.0608
72.4745 3.1279
90.9766 92.8388
2 5.0000 99.9000
30.0000 99.8999
20.0000 99.7000
2 0.0002 69.0610
91.4910 65.2570
99.9995 72.8651
1 36.6378 69.6583
80.0327 23.9641
2 99.9993 27.6953
0.0008 27.6591
0.0007 96.0639
2 0.0005 9.3576
99.9990 9.3455
0.0010 96.6782
2 0.0002 2.2808
0.0005 60.7288
0.0003 2.2808
2 0.0001 51.9584
0.0006 56.3712
99.9997 51.9584
2 0.0006 54.5939
99.9992 54.5257
0.0011 75.3092
1 75.0722 0.1000
10.5497 0.1000
2 100.0000 75.6127
70.0263 75.6127
27.0364 27.7990
2 99.9997 47.9927
0.0003 22.1965
0.0006 48.3588
2 99.9995 26.5464
0.0001 26.5097
99.9999 57.3925
2 0.0006 78.5814
0.0004 87.4954
0.0009 69.6673
1 84.5209 78.0963
44.1106 38.8381
2 99.9995 39.6728
0.0007 49.8715
99.9995 29.4740
2 75.4197 99.0778
6.3822 67.6922
62.4275 98.5735
2 99.9991 35.3586
0.0002 35.3586
0.0006 36.1186
2 0.0006 81.0978
99.9994 80.9955
0.0008 92.0751
2 99.4808 76.9326
99.9999 76.9326
100.0000 76.9326
2 0.0010 51.6703
0.0002 51.6127
0.0010 83.4349
1 91.5455 0.1000
85.9730 9.0111
2 0.0005 59.4100
0.0008 80.5548
0.0009 38.2652
2 99.9992 26.4852
0.0005 43.1672
0.0006 9.8031
1 10.0000 50.0000
0.2000 50.0000
2 68.4009 95.0688
99.9993 95.0690
0.0002 5.0156
2 99.9990 26.0724
0.0002 85.5325
0.0004 26.0724
2 98.1546 57.8685
0.0002 57.8685
0.0001 57.8685
2 30.0000 65.4321
0.0001 50.0000
100.0000 99.9000
2 0.0003 82.3241
0.0002 64.5872
0.0003 82.3241
2 0.0007 23.9187
0.0005 24.1131
0.0005 22.1147
2 99.9993 44.8263
99.9997 11.1498
99.9992 44.8254
2 99.9993 35.4448
99.9998 62.4945
99.9991 35.3935
2 0.0008 37.7160
99.9996 56.4038
0.0003 37.7171
1 98.1916 58.3254
65.2666 58.3254
2 99.9998 44.9488
0.0006 1.6677
99.9997 44.9488
2 23.2943 75.3138
66.3626 75.3134
54.1411 23.2893
1 46.6074 22.5918
89.0099 71.5716
2 0.0006 47.9901
99.9994 73.5405
99.9999 22.4397
2 0.0003 18.9979
0.0006 83.8122
99.9994 18.9979
2 99.9994 36.7469
99.9996 59.6564
0.0007 36.7469
2 99.9992 82.7524
0.0011 37.6328
0.0002 82.7524
2 99.9997 54.5598
100.0000 46.2872
99.9996 62.8324
2 99.9996 72.9852
0.0008 49.1951
99.9993 73.2907
2 0.0001 0.1001
0.0001 0.1000
0.0001 0.1003
2 0.0010 21.3197
99.9993 41.1797
99.9996 21.3197
2 99.9999 31.4912
99.9993 65.0076
10.2189 31.4517
2 99.9991 34.9569
99.9991 26.2370
0.0008 43.6769
2 0.0004 55.5364
0.0005 52.5499
99.9996 58.5229
2 24.6505 42.0061
90.9269 42.0061
59.7205 42.0061
2 0.0011 97.5946
99.9996 8.5657
99.9994 98.1211
2 99.9991 73.1496
0.0002 73.8441
0.0002 8.0854
2 81.6739 20.1481
9.3931 95.9084
9.6967 20.1492
2 0.0002 72.6413
99.9999 72.6413
99.9992 17.9233
2 0.0004 35.9117
99.9994 35.9117
0.0011 18.8811
2 0.0006 92.5410
99.9997 92.5410
99.9992 28.1440
1 21.3568 5.2612
81.1960 5.2610
2 100.0000 25.2179
27.2027 1.9867
55.1829 48.4491
2 100.0000 65.1587
0.0001 65.1587
99.9999 65.1586
2 0.0001 77.2831
0.0001 97.3911
0.0001 57.1751
2 99.9996 32.3809
99.9992 32.3809
99.9992 11.4641
2 0.0006 56.8360
0.0007 56.8360
0.0002 48.5687
2 0.0004 29.1867
0.0008 7.2803
100.0000 29.1867
2 0.0005 96.5873
0.0006 27.7961
0.0005 96.5873
2 99.9994 35.5296
99.9992 35.5296
0.0006 86.5477
2 0.0001 58.8996
99.9990 58.9595
99.9991 16.4262
2 68.4531 86.1434
3.4620 84.5451
4.8911 84.5451
2 99.9991 79.5625
0.0003 79.5625
99.9999 42.3083
2 100.0000 88.3983
0.0001 88.3983
99.9999 88.3984
2 99.9991 94.1995
99.9993 94.1995
0.0007 26.6025
2 99.9994 75.6835
99.9995 59.3173
99.9992 75.6835
1 81.4778 35.6303
27.3773 35.6303
2 42.7822 6.8071
0.0001 6.8071
0.0002 6.8071
2 0.0004 12.4682
99.9998 12.4682
99.9992 30.6007
2 99.9994 42.1868
99.9991 42.5608
99.9996 14.4724
2 0.0008 23.7812
99.9993 15.4253
0.0008 23.9750
1 64.7546 99.9000
31.5236 73.6845
2 0.0001 63.5812
67.8079 56.4132
8.4618 70.7492
2 99.9991 54.8282
0.0011 96.6547
0.0004 13.0017
2 100.0000 88.3984
99.9999 88.3984
0.0001 88.3983
2 0.0007 81.6000
0.0007 91.1319
0.0008 81.6000
2 99.9992 61.1423
0.0006 9.3793
77.2325 61.2593
2 59.1081 96.8236
85.9566 98.5488
45.9915 93.5993
2 0.0003 25.6036
51.2762 25.5668
0.0006 77.9119
2 0.0002 80.8848
99.9995 99.1414
99.9993 80.7796
2 0.0005 99.7299
99.9997 42.2092
99.9991 99.7299
2 0.0002 16.0282
99.9991 33.6926
0.0010 16.0282
2 99.9995 77.5885
99.9991 77.9177
0.0002 18.9629
2 96.3823 84.4861
99.9999 84.4861
100.0000 84.4861
2 99.9991 13.2454
99.9990 33.8242
43.3492 13.2454
2 0.0002 69.7094
59.5565 69.7460
99.9996 69.7346
2 99.9999 7.2366
0.0003 7.2263
0.0004 56.4607
2 99.9995 28.7422
80.3785 0.1692
99.9999 28.7422
