150
799796
756517 7342784 1046569 7252879
56 1 0 48271
194553
5770863 5923674 6999039 9119987
18455 40448 24123 42326
22841
839581 4688924 377678 3143141
31053 28605 4361 73203
800000
1261916 2960160 892887 6372013
36813 12955 35356 63252
111573
2354835 613754 8354666 456611
48305 5089 15756 81495
32468
1212265 3540617 6252738 69499
38979 53009 99324 59141
629869
4073544 9372971 8938912 1924903
3054 33384 13144 56002
485756
6378809 3458574 2717929 4008227
14519 34116 60221 22479
692094
5266521 7814603 6792948 6262489
37281 10251 31685 8249
305507
6031502 1044535 2936786 5074423
45656 51889 41081 64845
108290
250714 1726083 9424014 4635083
98705 17630 73253 30540
465297
5351914 4735557 3049628 8878949
32722 17034 85438 75210
224230
868223 5015144 8006892 2440153
84534 39226 25142 40985
799523
6188922 6879499 259817 3927593
10 1 0 23851
421832
6634028 1 11 4640403
23600 1 3 28559
399220
433730 8336641 4190405 5784599
60603 25523 30224 73062
724211
4699617 1 10 7242187
41625 1 3 16697
773857
6277695 1470874 513233 4703291
37366 50160 90220 58168
522668
6061790 5003700 5400881 3749377
2694 49433 37712 51952
799911
4647118 8230784 414342 4826291
11 1 0 70867
446842
5384103 9160440 6242091 9520793
76296 84176 45356 72115
582345
222329 7577575 7114137 6001447
9330 84145 61996 29519
173932
592924 1 13 2261200
69110 1 4 19660
544142
8066734 5833271 2429882 7326203
4838 34764 54516 150
280261
5905297 9097849 6367191 1429721
99660 52616 68295 79502
800000
6663773 2128441 4859555 6731059
20543 89865 38934 40017
799246
7130761 6216496 2575834 7255711
71 1 0 10078
342962
2237344 7542786 1996774 6451187
56617 12386 38797 5946
236161
5880134 6416878 4372490 3933233
55116 76566 36378 81930
800
1 13107 5 12917
1 12917 5 13107
354502
9725102 7844756 2216225 4246217
55709 33946 57710 59393
48492
6002191 5944053 7517882 5934571
78233 73102 30693 49941
396025
5344271 3955475 7015624 9597751
38461 39349 20419 27616
766659
6788987 6722285 5540685 1547479
32279 20581 31144 77933
401680
9881742 5300190 8128316 1227143
12016 27584 2739 94530
305391
5580129 5037102 11924 2991299
54848 31654 68874 70647
779574
4428987 1879449 156801 9414673
2425 43645 7441 94460
246076
9561676 6032061 2784150 7419299
87279 32100 72523 83644
705333
9920596 6318926 3944744 8179393
60669 7163 8605 17062
583767
3716257 9254192 9553421 1690019
78839 32822 61833 73258
800000
1836621 1140525 201072 6553111
81410 26408 62566 76085
443185
7272779 2378182 7154678 9150907
78148 55142 91013 74569
556039
9174374 8067043 7675312 6829729
98587 35926 6332 28158
800000
1977106 1101999 5354543 3654641
54538 61076 78852 41696
5
1 1 0 100
1 0 0 100
546437
5194966 1300651 2164371 3453283
63842 46248 63455 19520
753208
5056419 2460242 2536661 3503869
80172 20090 37841 2145
669918
3255587 1 13 8709522
71775 1 4 24568
490826
4070072 1127416 6034324 2724719
86690 55980 57557 52510
760716
3256351 1611484 8815979 9533179
74419 64323 84746 16381
733600
4547622 1760688 6146133 6284821
44662 76018 28581 45903
799918
8026988 8815361 8434028 7598893
64 1 0 39039
346976
3176025 6618983 5462775 3657419
5646 42563 63947 85745
682725
164261 5061175 245242 7894301
32653 27587 589 25334
319794
3378116 3294995 2218087 6909751
34861 9976 58645 64437
262616
3276410 4096021 8164101 4048249
61864 48150 88567 22581
471537
74105 1 14 6601584
19665 1 2 82759
517276
3679909 725989 6219138 4563679
9288 73488 73962 44632
539087
4110063 6965944 2761286 9846649
42985 93934 53563 37855
185508
3246021 6003133 8567629 3995647
96708 52939 83624 28414
448479
1342497 4800123 8421214 2925151
43629 85572 59123 76741
218104
1513191 8001262 2670452 8522237
61215 62192 85730 60037
50006
1877750 2609670 6895389 5405509
81811 50503 81980 38462
778731
3706164 1800916 5978520 7871207
27118 11705 6908 85465
563491
4091203 9088671 9233201 7849007
64302 74803 64772 39351
45114
5005978 2108148 8470666 3274879
97280 82300 69616 67891
376837
580805 1 12 4522477
94374 1 1 34989
316296
1814769 7001006 1666606 6999799
24279 54373 80257 23128
679575
3228222 5225474 4203750 3901217
83074 39223 45263 49101
799314
496884 5173679 4334722 5846233
89 1 0 43136
723212
846676 8510728 8041917 7246307
17807 11168 566 22104
553280
2898829 7976810 1797985 5490241
32906 797 79651 56074
85311
5188284 3939570 1228251 6839939
25994 48757 11125 4026
228905
5363599 859661 501337 4462817
26370 53013 77566 11872
485654
2369747 1851466 1404737 3987323
89794 36569 94719 37136
799518
4036690 9290972 629041 9409319
67 1 0 35880
235800
9113865 8808830 3002909 3986771
79586 24715 12561 62389
684817
6694502 4033510 9261196 2147611
14712 53164 21454 75869
415119
4290868 263406 3730155 5072803
61282 26840 11672 89514
50741
9373248 5047671 5793834 2916799
34643 20982 1297 41725
331451
3795470 6531800 1699694 8922097
37054 87881 35738 54478
329934
9982771 2795359 8655738 7422683
64588 73545 46117 49844
583190
248316 5112331 2783051 4007477
79206 6792 76769 80493
166064
2880009 8749788 9041855 9849127
24293 52992 96169 91331
4688
9344281 692609 2223838 1453043
56083 79533 90863 43417
123330
2885125 4754653 5353431 5002157
59708 59359 65422 57387
571930
8426282 1 12 6863836
90619 1 2 22779
155273
3049473 8473871 3522430 2330771
31458 54187 68523 36770
721656
8977969 8522105 1943305 7129481
67462 56602 69445 87844
800000
9284363 992074 5483194 6912539
204 68884 1353 65381
702947
2029889 508237 668553 7583119
41548 23815 95596 11122
691872
1761520 2251596 5226760 8601823
52127 57735 81527 44375
6541
6916556 5745855 8621202 9219739
45608 88856 9000 74094
108561
4438077 1962028 9715411 9640693
51384 52474 56351 44199
799948
6006947 3147310 5573892 8225117
1 1 0 50601
591488
800604 5311992 4911106 9432653
35609 80010 78381 84061
547593
9799156 7817383 5484531 3474257
83236 27640 8750 81069
5
1 1 0 100
1 1 0 100
800000
7880818 5932472 2427109 3877781
1171 40625 63531 758
799135
6436339 6922120 7913867 3346951
58 1 0 83178
10
1 1 1 100
1 0 0 100
454203
3501522 6877404 5610012 4948883
50507 58204 73723 47781
623885
671111 4861342 9501914 5980127
18633 80665 98797 27829
193788
7375107 7988790 7344168 1454711
88929 57515 3430 74658
460160
1035446 1592362 4729973 8105711
10757 65826 15937 75493
18827
9521417 1 10 189194
79035 1 3 96645
191141
5345474 2155104 6137340 2642777
54478 73301 5128 71018
534410
9507852 9152418 5624994 7825459
20196 63431 32808 35189
490500
6505831 7242242 5238425 7618073
58271 66311 45371 54712
46139
6724530 9496413 8881427 892421
49792 9470 32051 39693
661193
1584072 4631055 388480 5324171
44038 14977 64924 60064
158645
3932852 2786994 887114 5226421
22550 55416 3068 94050
710795
2647346 6100657 1416561 2124197
70998 53511 85482 75083
123278
6184716 1 10 1233176
59659 1 5 69293
210247
6051782 481944 3834079 7261757
60604 27784 34800 98747
633900
3516515 5640035 8740030 8095441
86927 4222 96681 62501
228245
7391623 9651204 5339017 3531989
45436 28993 72266 9931
792343
2462478 3624324 6466030 5071873
36979 86256 23376 62378
275625
3922046 3167472 3747945 9733903
8070 94446 79739 85817
507459
8300885 662483 7070613 2399029
19185 25823 5281 24111
489906
3357037 2498527 6951749 6478991
67036 29728 68378 8811
228115
1947956 7666803 1806824 602233
14879 46203 73907 97827
377149
994222 2393528 8195902 1094029
89841 38909 47907 41975
732814
6181874 6876040 2702549 8962741
2650 42780 85021 47251
97791
9583212 6597304 2339600 3398627
1504 47370 43316 18777
435006
4337863 3083980 5250599 8601653
26949 75433 48563 49887
575828
2404285 2418492 8154851 5314117
94755 18116 40010 96425
395240
3215241 3078718 5962014 6573913
77260 11550 51429 23074
443552
1064400 7698489 2742884 5710979
25708 91773 26321 18586
800000
4184377 726967 7510534 3897703
48427 52570 85560 36214
800000
4332581 1738230 8853842 7979057
66171 9761 63488 15137
141758
6562056 8151980 1573018 7624009
25341 282 71838 49474
221815
3897977 2281148 1216581 8044507
88673 22814 98589 84350
2364
8174725 3509747 2855021 1065901
24608 21670 56859 25441
342162
5578821 5617385 4924009 3572189
40541 50843 36776 45817
763740
4321664 1435286 9450425 5494277
77738 82822 28133 23776
544300
1938233 5065572 2344073 6767687
75532 29891 72264 74660
778143
2629212 8081024 6527513 5004053
53380 6975 14068 86576
566835
205676 4700337 4515148 5243207
24387 65253 78482 79003
209608
2748572 2971293 7265070 6082691
66416 72814 62581 40955
486662
3825826 3270761 4143198 7129261
16490 82961 99312 51790
13
3 3 0 100
7 7 0 100
355663
3663009 5963528 1579522 3014779
8664 12583 42270 40735
135431
5077930 9908269 4697063 2216021
69668 52228 51017 25459
220265
7622650 9423637 2150413 8682589
92212 47468 77532 36760
107776
1721168 1059858 4159252 6538507
85462 4155 63706 69001
620791
5317505 8818627 1840571 2152399
47941 48256 23185 63735
800000
2632603 4852776 6472267 4907647
76494 20607 90885 59066
799897
9897009 8263191 7365771 8027339
88 1 0 69989
387522
8154988 9707586 4469347 8902871
45335 87496 21352 7468
