20
289939 130055
176569 43551 19523
2 1 1
725938192 55132933 239331339
10 30
5 5 5
0 1 1
1 1 1
2 4
1 1 0
0 1 1
1 1 1
257602 480949
38113 176296 243295
1 1 1
384243299 145116185 809390598
178708 58328
70102 22348 144531
1 1 1
463435292 593043491 813176924
5 20
1 1 1
1 1 2
3 5 7
654423 284147
483478 468712 22916
2 1 2
775556161 593377338 145910966
645770 338397
636852 48469 372617
0 1 2
97212074 798033440 163456775
213201 361873
99704 201978 100652
2 1 2
552691328 817598320 189606354
795643 729007
259617 679895 41505
1 1 1
669149900 84172771 224069343
697098 320762
16697 47343 568351
0 1 2
525554661 375469150 467141615
773724 165851
50052 384346 238285
0 1 2
560247398 127685346 957590518
800 4000
13 17 23
2 1 1
29 31 37
152042 204594
101674 75311 147633
1 1 2
840067818 589970656 366700943
163708 568724
139072 44023 139620
2 1 1
453195548 722071586 600751178
624414 454095
327753 207887 389969
2 1 1
831253720 183125273 845049133
688937 763831
477384 82879 63313
1 1 1
323988535 831399021 979960006
676874 516489
69732 227358 450038
1 1 1
197868883 498633147 394514730
4 8
1 1 0
0 1 1
1 1 1
348937 720507
200303 95637 51577
2 1 1
109451695 209132836 183990710
