100
583475538 138552 53
540 324459069 460094966 13201977
2209 77207435 41631214 333478605
499 244244131 257431616 569495713
566 468268622 475362112 212369673
2520 167662878 541707029 39428352
1304 164320605 40211764 63193593
1015 580026864 128523673 407822172
2196 17804967 37421986 294736295
1041 581749911 408214268 385771863
2352 85402334 201395331 409651035
1990 98463842 242886288 93496689
2679 21908397 577689343 360032915
2441 245256729 311092314 476187309
1852 28186398 346203825 294193382
2388 575497235 527503526 277122680
1627 412069513 169624067 285105807
2366 451050422 575774594 68461987
2978 137385185 243100822 403978647
667 483102563 255965624 341576418
1614 104717121 464001606 564746935
2508 155569341 89200223 297365399
1741 473570699 97027259 162021514
1267 45895749 141818066 288078695
1967 422653097 80697137 572617295
1850 127808046 123741540 302358078
3315 60880801 416431938 396414615
202 464571515 551888527 149079657
1377 194119231 203116463 4478089
2560 432508767 266432928 432210310
2706 555877701 240903081 303952266
2733 576413095 167387206 269567145
3126 18615487 378755047 238676219
2267 371421726 426008875 356767671
389 283699888 78642115 200288716
1199 102315845 218643220 540806562
3007 531338082 186257327 295125397
877 333986673 253290549 569731706
3719 65998671 481017188 347177346
3249 214601245 183091120 466712663
1860 556289452 146622918 171889405
4569 154776786 22064680 497638052
4740 34305265 391952574 344801566
1912 329864702 363872025 198097841
1828 48400698 330869532 47799570
5007 180586964 139854790 334278187
635 334205645 425847120 154602818
3915 157242263 232251693 530947945
350 67639012 26132536 407014652
1633 410826506 212408210 27797866
3973 304296996 199071879 582991378
7329 271017025 289561169 164649964
724 118294162 394221048 239397214
25174 473962030 105104784 467919172
945031537 118385 2
17804 330374311 1 11
100581 771799390 1 945031525
837414689 52937 6
2203 138515693 447023397 173745594
3444 832040307 493119084 507489645
8197 530928553 722618886 347062371
9244 231562340 75762158 255223767
59 387068094 657676538 462886013
29790 631958887 608695693 749185681
488828105 71165 65
779 381704882 161075686 228687287
436 177793164 381521574 73079492
985 473680810 99027173 328654976
1108 202483241 56022901 451081584
596 482921474 231370281 242201739
622 406429104 204494875 30392368
692 321399136 287872603 475890029
520 283434702 374729824 357407423
619 103588402 122373065 382199051
682 43584882 446881407 111106422
511 370870567 17282182 174696603
1105 224495174 327791575 318989292
330 46556102 221738791 235775999
230 275276337 20724360 313252741
765 141045563 287464367 434998861
1071 295641423 455831639 266523070
555 15418747 422249039 343880175
228 402631628 277150305 316616906
96 83386828 25971511 288320563
985 296806298 127720722 63197737
1071 393263710 253651633 267619997
1291 213711961 246969573 299437159
5 124460726 179482769 410820238
335 190084713 52858107 286563435
727 97121131 135167581 377576258
357 165881212 209881295 285435118
54 278812812 199019350 478984132
925 312045256 231698078 453201165
847 250878178 9870984 359757195
254 368977154 470280198 236435073
675 251548754 6298294 443030140
426 47865004 256425896 97798975
660 52020174 482975335 97352916
400 195435889 191904571 18281105
1188 93641357 278954317 449960494
1472 136968294 145909261 220972522
290 220488817 308483591 448025235
24 438431777 321707553 115761752
1495 180733061 30051671 270925441
49 237663238 230187529 436073549
1759 63928143 56300840 370853295
1352 145253753 480578539 433112269
1375 22066923 127330233 349381981
620 45451119 418394683 437871803
388 310743925 152016633 390696882
94 453696253 371695867 487170708
1513 88967065 192813557 22617484
1740 171822274 306679718 394810347
1222 234696945 160345427 362857922
1223 411267673 335525692 408406979
1988 202729624 114221580 70924780
575 307957047 464548627 33680211
330 94324536 198263522 369550763
663 221004047 123066899 348087834
354 453989956 381000010 95263645
1700 235451026 102234128 244673423
1608 386586854 384295676 113231800
1764 364386885 171053979 259616798
1698 79725614 375262232 479830107
505 54013686 312712118 84018862
3888 264034843 420199169 337124080
3159 242552815 206474853 73154606
2950 382917262 75567369 4113006
2141 212568610 326713920 123337978
11096 399931153 208133502 313267395
823067588 180519 13
5012 401084605 660066469 105042036
6299 385981678 430843719 291774823
849 196985403 638659469 46826443
1101 325400059 502784330 816450280
15473 577391639 75030860 767124266
14204 425188750 149972957 190803179
7553 81440540 241688479 527093049
16752 146514252 359212857 224999532
9821 329414498 324471693 785070553
16731 515053424 539968918 622902252
10716 817955116 334930838 725065029
9672 754803549 492039830 115686453
66336 259276386 32356327 180935814
3 1 1
1 2 1 0
147516593 29782 3
3644 70789004 1 147516590
7191 138183914 1 2
18947 144142677 1 147516579
83462105 128376 54
743 12117235 60850773 42541126
414 25458847 47444137 48610319
1324 65938192 13102017 45697911
533 19846239 72296495 4809504
1095 25696976 2294539 963246
2483 35476430 73250927 27189589
1085 65862805 11650729 38157754
2118 39396366 35587419 65153437
2006 33450541 4454760 80587791
343 71462320 19014274 30051623
1362 45354318 34951301 36515782
735 43087208 10986219 49087970
986 28852676 13577628 26979231
372 77300472 34168801 30834929
2730 56441051 82855270 30521575
466 6298943 78446090 31164233
585 43065011 48625532 44430178
400 71714525 8869363 52119960
691 12675004 32968786 76511056
2492 83379516 73904991 12301911
812 40847355 67017839 63758491
1153 8833528 20677055 60209769
1990 60594907 78717449 66399215
1996 46738319 14728313 65553185
2997 62494380 65284291 34615985
2317 76176602 59601900 65458679
2116 36983936 68301081 17991704
1459 52960994 6486823 60569115
751 49154200 29291983 67114097
2731 71560112 64295200 12638157
2382 24856217 72568400 64053729
630 71446536 36717082 69533482
1521 1776068 13645809 17101400
165 22770224 27807975 69895359
3851 80131718 13463059 74076053
2172 34595752 6380402 8504312
3661 63841876 45203413 26510763
4215 2318179 47764923 15123317
3700 73185359 55103525 27186095
1136 57044079 68518343 41390952
1673 152688 16703487 1258215
3692 3998633 82509886 52544523
3755 79749731 83363307 1084938
799 12517923 26724775 54571965
5014 6752852 24865764 30014782
3247 83362502 52787916 44370807
3279 8981225 25861435 40770627
4494 3209185 49485831 15408147
3790 1943671 49851625 69826829
2040 77891152 77931389 33412556
6198 55334758 69896537 80910997
6176 60642990 53753001 81401017
1450 30565640 9381263 9034080
18051 13593248 5055400 18250482
994107620 15691 1
15691 54153245 1 7
369866549 62427 33
1323 115035200 2785575 367097784
63 20539300 138686639 210425830
1146 109525332 190591302 239268566
1220 68335608 83305770 97702421
1861 18489405 29574190 233160302
1020 8947998 270078382 287322824
927 37094293 313126325 290314298
370 162634984 267750106 314542109
1443 47214807 138103137 309927806
629 334610501 81183132 25527038
2180 332742253 27599772 330291858
265 301883589 212821784 272428525
1478 128642418 115790971 202515585
348 113424024 190015687 186792153
2154 40550586 92945717 179701467
1375 338145606 363453093 5331427
2054 140946906 313523244 351980609
1858 42095447 177310441 14726248
276 155638058 363291527 52505687
1871 97751536 4830268 76584924
2756 109007772 241305130 240191693
515 89277050 14428428 166611370
700 101872456 37831688 300694588
2267 227129999 252634208 231683662
1356 151363187 291941462 17186544
685 51945791 297460673 133243155
3921 268724113 274883651 302617780
2275 137842419 322048134 233956024
3661 72985270 309572385 36107452
2742 284821092 98156344 188000138
5472 303658347 252394306 194362513
3427 182331801 181269603 68449968
8789 242378273 238011090 161550900
302007338 99658 4
19022 282622878 1 17
6787 207372707 1 302007325
35238 213508148 1 3
38611 168513016 1 302007334
580802244 54756 88
124 528004653 449457532 441561516
263 338671860 540317147 392315540
221 377745577 334357473 324059530
191 129815371 242009688 478614102
274 254786444 102513610 325084287
269 430806855 291909149 172772929
451 51491283 111422220 542211282
517 540257060 506142655 119666799
323 513032860 333517627 277463855
53 409410185 82455901 317349941
607 78141935 524248792 220444730
68 159443442 515978072 112255770
566 529932501 162451589 579891603
223 487371991 571429624 48048521
419 173457804 101666505 328285482
5 154616283 330469780 32961318
137 393095743 89377697 525602474
294 294195932 282939151 208185414
221 59788731 507157343 303194172
417 498935047 317217326 401759973
171 232649218 493833455 152167592
384 370681187 474303145 234045237
226 458304733 77814425 274268772
403 244053129 343828812 223737917
449 519820644 315640433 451778532
168 8264134 217617902 62714103
499 72334640 544794301 491590701
56 397150593 115815564 545701242
660 312615370 401452192 163815341
164 511111562 94319740 218797514
574 458766993 55511118 434898308
785 281215478 246388112 319001924
212 434980329 68577446 175319098
478 346199159 552381797 443777678
519 205377702 580265350 301498678
355 14166020 123429154 332562059
116 307945594 201972336 67137667
420 255422923 462572047 354584616
602 283678901 77026799 39727032
142 287997494 154779520 494576911
328 81331024 115345221 352142963
106 184086050 318857026 211839025
861 509008102 110103123 337398326
123 434739592 280953722 576969249
28 477278944 260437490 556340751
226 87010883 375662496 316702640
77 146558547 363591317 430364882
533 153725186 452134137 91355012
744 226501506 287161817 542362824
412 92941670 1471569 10500929
81 480714603 104222236 407151621
578 182048422 244167079 318292296
290 56204655 166390115 397643125
43 210066012 406846302 96307712
1002 78316462 554289061 151386282
380 341881420 126673956 366907056
139 364326120 366782946 177493552
1079 420966191 269631364 569143669
527 535277621 477656170 345775995
974 320501588 80950471 169267299
40 330819775 549994145 550599155
23 264872841 405102032 167188810
579 2022921 485856855 575916062
261 242663715 129314494 7102808
1257 501853790 370658147 520295806
1299 157136163 178502028 73560917
317 428363209 39800166 405909521
798 474130569 308724169 33982941
123 560981406 285301992 342913329
454 560451128 259122611 242895107
26 449709418 96859555 274173244
258 210414505 251270808 194256098
1278 308931969 518262239 537827979
188 375262729 247089842 5124096
2 555127356 36944159 60169860
815 289644396 379966521 16777323
2074 312941447 180194802 339680932
1061 41391236 21344392 126066489
1848 195425299 564909777 514335635
1123 7767344 243829205 228230411
134 481546245 288707800 139143229
556 520150162 97792794 186336226
1688 248993885 51406295 336353136
1526 9654138 94906134 209940986
3024 218238978 102522354 111508738
3968 28056591 500831212 499302100
1737 518288986 297617385 388042496
6742 482283746 274437036 321883014
501968974 177534 81
1860 132137455 397518752 12313668
1217 392539897 95089818 278001471
1285 455409941 142444309 483293869
2044 484945691 229364359 235419675
2050 294014794 215896771 296647019
367 315646981 326876552 138292292
2088 174740271 230438021 476131108
1472 480452758 47705685 352318300
2160 78363922 288642527 123760703
1552 102476009 393279049 79212938
634 277145013 244399400 487110792
1392 104625756 35677803 61937105
1679 156233634 28281280 178449986
2039 384492468 10391892 98341984
1342 28775094 487683581 245588082
2180 411237581 168376485 333474840
244 269579913 334091255 200622117
1312 84548647 405971795 183727171
631 500714863 229664896 174307561
759 129474741 251887548 256055441
1244 96904794 363730585 331306951
2234 303329890 42934260 186618262
1771 480854626 84049315 319318561
471 164652228 189284611 27903936
1745 154911422 160503252 199637089
9 90026912 161734248 121901062
1860 130903460 28760672 227903755
2334 215820691 417081927 125312011
658 42772775 104112168 83867832
2565 71175866 250264791 280667451
2430 140667158 400356109 382524223
607 295422677 136469212 233874916
2317 170698858 363628242 360248790
960 253556850 250903012 19474027
2341 66631686 299822930 79811082
1905 228851138 57363742 80519416
1199 5744223 56126204 454232341
2689 344314871 130687187 27784604
991 143369587 108066906 431633136
2607 162661222 189532193 485702701
696 300862492 252902255 300196722
2677 214074827 364028683 461919049
16 458250270 421140569 355793480
1960 27510663 304819790 352515004
1542 404301958 464949739 26815816
2055 320265488 232216862 83439033
1162 296743178 317408027 130965870
2364 292944025 277827862 119680983
1955 374057406 357602375 368183049
2179 121884167 166066027 35507851
2200 262028216 209713393 313770634
2296 310040227 459055764 10673105
2377 254590225 282076206 496154238
2203 71701038 40356866 358742913
1639 296329229 137271858 196530982
1086 250502790 262863290 367147195
2737 388104223 167760471 330392097
1192 68836921 11163664 259567890
2818 145026399 163819172 434481601
2864 460373935 137413684 234568895
3709 326264881 435289056 375293450
2753 142201260 191448133 2977906
2144 126088987 282066102 165582995
2867 94317881 387076444 206240496
1449 207833516 403315069 240236234
2337 36966519 66349055 79533823
117 336919603 206398077 73248474
2775 112036644 355708272 256680424
4403 449772158 219935208 57489380
2316 54932588 52077176 157030587
2771 405076402 360532732 379444383
180 462298815 21322973 415785106
644 417829286 339214947 315497274
5609 94039770 401563911 364986492
3872 236394704 121161095 244153901
4831 216961012 399626176 188320739
2323 418287630 149682259 198795112
1412 385970912 456877759 420910780
272 105660128 124915752 163492286
4939 377138381 366639826 174125960
26549 48590019 84421305 380025848
2 3 1
3 1 0 0
917639828 6771 3
542 545567194 1 917639821
2081 82978338 1 917639812
4148 860847774 1 917639824
439785620 148656 2
57621 158062227 355172882 56770654
91035 322346426 143974011 65198829
978251987 74647 5
12190 917905607 1 978251968
4037 679723313 1 11
11280 264480833 1 978251974
8302 162572437 1 978251978
38838 173928091 1 978251976
363509836 89188 2
11668 103810860 1 11
77520 329386682 1 20
445913840 152721 50
2538 134888031 9568603 372159117
1325 91124856 149985115 172074575
2548 83366415 429931694 206111981
894 350025538 407628675 8620765
650 274302560 234704780 355651414
906 349987793 15046666 356990486
1324 285246626 444156491 388263502
977 435976036 389433747 224148179
1092 407795666 124612821 299272837
186 283896984 225597945 219998872
2045 266532974 429978786 297246910
1202 23336428 186463825 151421806
3042 376291831 63240873 1175173
31 416037123 327292613 9103035
466 351077708 292651757 170055159
747 183112251 405789895 309967971
255 439868460 47870112 310050146
689 62089804 286977229 364709475
3053 294053433 100465058 432450185
2616 27803840 71321182 258330725
3926 426026271 313563615 208091262
1840 331983364 44944465 42094202
2221 227794820 131329855 231789837
1299 214335493 53271219 333131496
283 4586151 30207700 320858397
3012 404946631 24964771 252686702
3677 83565840 80597871 5340793
4424 110711425 374684034 353687529
1632 328549003 172774910 332572203
1107 330440995 241598728 58491231
1923 70959609 317532698 384472664
341 132762927 21974133 30390400
3829 74212254 185836961 23825745
1554 165098938 58843276 35380516
1824 368454404 194709231 124257071
4130 187363828 88749227 1002411
5380 424627526 426378122 261897565
5179 217088429 414046051 5661135
3619 150063277 128689796 232511638
51 68025089 7347018 143488545
2128 192302010 300106156 408347720
286 184363238 274715160 22969306
4908 341834152 421029304 394358196
3923 183937013 360455706 262399289
8191 402493436 391926915 73008568
7095 172810585 66428896 30601321
263 271642984 398426342 303551267
252 311056552 184812150 98291935
1140 139283880 6281508 130032246
46698 264461939 303122119 284857088
533697483 110669 36
1141 249763770 17241596 20590794
2557 250832577 14876784 302684992
2820 90621803 70817492 342226581
171 457848929 390729913 491318673
2340 23740242 290465269 214266106
2949 69863888 378459123 26028155
107 166558767 386839156 272136349
547 214971540 476674725 300929941
2202 108947760 44163823 19372303
1483 423943001 374202105 277393892
1241 344835816 401658713 509064043
38 279883952 167815869 223724741
560 75937849 446515040 135255580
514 416969231 329915739 520495218
3001 320570862 73311659 475255411
1828 529307072 491818080 79807055
2133 358626528 96250976 12227360
3137 26367454 485186665 379115942
886 85940306 482074993 197541382
652 279816608 474821462 311123653
1021 122238998 51731716 104022921
1153 483813789 422368517 94235265
881 321943432 28298850 531176490
2491 396495664 253649120 456845586
2327 288420681 99968716 13012197
3465 494349608 251945354 188837007
4233 504683311 455441163 425161934
4814 53011245 379743480 469500826
3726 454787498 128887741 245484097
1548 139753662 201153670 243602060
3953 149557310 328594422 294337510
7076 2984253 413820716 265602222
1584 407120777 353247625 493600540
7769 501928356 251605072 425738441
1700 321944671 274828635 528498944
32621 374888918 2823406 404840506
296293206 95197 90
195 216230265 33856662 269521009
649 221130982 200785137 289491625
578 175821047 238047233 92085140
77 205294020 21345950 284154371
986 207579478 169296033 22460850
1074 138697759 239999753 135243295
122 220316940 60806194 99500255
253 75050219 71810919 266603011
647 275249073 109761803 155981998
860 238453456 125959350 293348624
852 246057478 257351840 281526236
74 232116402 187660374 24532621
428 288074797 65744849 273010984
299 183512900 139468450 115668689
30 18490198 118034850 254898733
300 113253041 293699205 240975182
1107 139663870 131333186 208028440
481 110150979 58959390 2633335
978 258744737 187198662 296287877
73 294636463 68489622 206246130
248 213436033 209193634 184744987
806 210547093 204981604 48734360
407 57365490 145112706 8270841
692 44058849 73375340 119974632
507 166405895 27545409 170708486
184 55023246 76129915 74117388
1236 164710905 260809735 141452654
328 261915729 19228346 144128560
313 175839719 172484825 56981792
671 39448465 258050894 232230380
947 135864640 7239098 137909105
444 266968065 83530254 191521557
507 115372804 96239930 236492425
1148 111075699 75236792 67300414
473 60300104 82793243 62893159
148 66478345 22403578 208193770
7 81470457 78986495 75370074
296 145495496 83480775 76450582
608 187427044 36257492 191946242
692 126483974 170482081 189931855
612 254585591 121947007 204065058
237 187144894 220255043 253810285
1268 235033147 18830084 104105764
101 228229941 65699178 249850195
1428 212832170 146744733 96437667
422 239518738 237379207 175355881
501 60640236 182271635 250934147
439 87702020 200942026 36437828
1375 192328464 86446949 296247445
908 95883815 182789538 228275787
244 248275393 102155522 92307909
312 73781087 26581758 199876509
877 193414290 23021793 242825907
538 291544868 18033513 124844415
1364 13570906 238699151 17658609
1019 100772716 228604588 284729793
929 285485317 216799042 209856997
1025 73680708 123095643 44472930
966 247975135 262621905 239334591
1890 218732044 22394724 151078244
552 243682092 255747377 150183680
319 205488311 146510432 189119009
1280 276075451 131015893 247456380
1924 255749565 6056052 69061415
1409 270781304 111614929 68945927
1425 156895801 219609648 235705412
949 227474206 142092572 241653816
1358 140663464 280141821 59811253
797 287394892 244680988 47034415
2217 158406499 186338041 152084518
1601 15593036 275429341 201109097
1644 393281 149158514 279975201
2113 97276569 47531330 226240251
2319 289136264 181994112 139902149
581 238482164 212721433 285447084
2292 94273551 77420360 236340721
2123 23778547 96647166 205166191
1412 257153010 116347010 45592534
1221 88420666 166132022 198774752
1318 213739518 196582152 71492889
45 119986238 168051871 262344085
947 232893301 159697261 79922776
3455 92340834 163110836 25501424
3026 180659631 161566480 136383763
2670 177533127 260026915 82734065
3378 87649999 95922437 208986752
2265 66861256 186935248 40873139
3709 108190989 295024805 233683028
753 36984336 93878556 202702717
8915 40186972 242328034 264113501
760843696 156324 3
48395 116472479 1 760843681
4931 243354802 1 11
102998 635122334 1 760843694
570394679 7592 3
1908 146405207 1 570394673
831 697913 1 570394677
4853 309156781 1 570394677
639866823 66666 5
6857 581396906 1 639866820
6147 340092147 1 639866815
3925 202026431 1 12
3335 158103971 1 639866807
46402 372678090 1 3
451497287 125976 2
35293 127000562 1 1
90683 367101509 1 451497279
987654321 21000 6
1000 123 456 789
2000 123 789 456
3000 456 123 789
4000 456 789 123
5000 789 123 456
6000 789 456 123
860397793 92146 1
92146 657001978 1 15
459377228 61215 77
248 210507523 113075640 320388312
348 170220061 356936682 86084146
295 127507958 84530600 405688812
453 211467424 615506 426410714
174 400012525 255216317 256022303
704 231055476 135150320 201552342
208 200872846 268666301 233720547
256 285072342 359375382 196687437
417 292969308 70458867 161740537
78 188995060 287766923 201416097
775 349044404 357481981 311763840
397 5962018 384615771 234218382
558 23089164 440841490 147560174
189 309070012 7816755 34275677
30 191378234 213378320 294795921
892 137918748 79300983 250372609
750 155265301 12255684 178016090
390 235674456 371364092 388659463
306 263100595 284474425 88973844
78 47522109 142848440 176752928
36 187405233 218864025 362358500
240 398861900 411484024 77951919
610 109193485 117974024 294819845
455 67227735 262845582 362851321
476 161899160 85485724 253808295
346 383405985 127903778 320702277
355 58895983 60343185 89245812
390 3084099 161201189 239126835
564 103673783 182645858 277879393
804 141743178 114312547 371817032
489 279279515 227762972 1617433
678 169332193 107949350 53441748
710 124665243 78727238 262208006
743 454938223 456183610 222781909
1084 439186325 6886346 84943555
107 27325002 223798363 372288584
997 169511668 18489887 326341121
377 146420844 301189567 187844418
208 374457398 126234490 251109448
819 20022993 64508734 424181068
585 335946641 18703228 218385346
597 443406177 150604184 445976413
1066 106261996 317949298 191080195
232 333158608 370380076 168926742
907 382685286 380554882 19256197
560 339835809 191651281 332929391
901 308054064 330692089 158616624
1271 80402316 146818815 315943368
531 456926698 49315164 325256763
634 421460496 358741094 281191313
223 146510490 408226766 372942358
848 170951007 380569091 401340083
198 84034199 450619884 374368566
12 70123102 90613095 294436204
452 212242864 35705780 413958215
341 218932140 356535150 30631295
806 315602555 120736982 292276502
227 266390738 414582989 140625126
1464 228744601 354899075 91258870
431 310688844 350963731 44382438
647 100465287 354238537 334127023
1472 306720374 310434649 49014808
130 307809545 458613313 92839569
139 80252288 205986694 371651276
1097 277841516 176832992 236415264
1126 315644116 348380120 373989475
2318 448031473 359405340 163177249
1317 292604560 325190370 401376827
1446 388238830 141709738 199828016
1789 355626525 18545540 422491697
500 354002703 112661787 119684099
2566 26320645 282510743 330917656
542 113505349 14207152 171047363
1746 226795975 69899983 80217982
2984 282138693 254474801 39386173
31 361762305 451276281 62777149
11045 94542380 419176630 64752794
373657361 84783 14
1808 169935697 70072499 117396782
5996 34157532 42299353 259498068
3675 258733592 282780326 39609899
3463 125384646 269188304 246660018
2846 282306267 97279021 137504549
5241 200316266 365505598 102823324
6583 81502943 43293184 42911120
5757 57703263 102257867 241191398
1490 169226554 200778786 51507585
3649 315317204 78806328 352678190
10759 161243500 100539984 363376444
10815 222351800 74691167 307395138
10925 347807005 260636752 4905886
11776 257840578 61419036 222713201
836869777 57397 33
792 401089428 773137716 145830647
904 442453422 463773938 204077599
1300 287102743 271746912 147568791
1279 363848369 182045469 46115981
886 588869298 40522140 132786687
1724 734029011 155191535 148559282
105 709624990 819763850 304302600
50 327154763 786976964 116924410
56 675301261 322610795 433003016
937 369318561 186714874 724522795
1790 692850459 663633425 404392937
934 264719409 546362450 288577212
1559 51294118 485939264 711492575
1525 797483032 397836129 295090982
1502 678496708 793176893 547201539
793 657070152 422651605 395711179
885 178738153 441630061 345704098
1421 374148158 110255023 495256863
714 557356383 46429189 494553420
1224 520080862 651007179 380942932
892 248775445 73058225 681527658
2760 435639653 593478207 284431202
2912 587869051 94643067 637670192
1767 228079249 387040497 563874094
711 148165886 242975851 758774237
2897 79587939 111866538 607329355
173 469298993 552681522 772113724
3650 736412748 364984344 322020768
2636 79936692 119895503 245820324
3795 774804311 525797598 261133250
2904 561037977 573585592 754648217
2503 504090389 104725907 561272515
9417 650398559 106511097 791568451
708593658 145505 95
1019 389356299 413673221 463840150
1059 617851453 510805210 562103982
541 299830667 666853714 74881870
282 533109587 24007923 689200777
442 146613303 373060591 11835569
580 389410097 504963270 582444932
1409 566147816 692515509 112781055
361 366272570 281817143 248799731
1255 409604574 598691792 396281138
371 487530680 696187455 545170995
1414 551149102 535471776 406650993
676 558105274 528929699 402326223
498 30056998 504117044 106542705
1082 522630810 660807338 50010850
703 526525750 536160689 452312899
684 463768855 327295476 222587997
1164 526025838 126060850 137465873
254 98444223 668958720 284536330
26 177846995 171306836 486165779
508 625760486 119518813 163292681
994 204493152 700852082 210553805
898 335257655 279313637 358223890
1670 79337280 534479270 467670416
1150 545425067 625612015 263295861
958 152248948 87684689 651147649
101 74731293 252795040 540029336
126 139063179 243611945 200083131
1675 253146653 607799857 393266232
517 600799864 219116729 224917246
1180 170759872 384035598 194153323
747 419026471 80643414 372899979
218 384110122 133051197 362165278
1577 156147021 211360858 405031022
1333 191092858 644894880 459112007
1594 509651547 628939753 341943581
1319 558793918 72852982 703238954
170 256430059 409344365 78983180
1389 677535999 21129852 372505432
1334 393937100 379519343 677042365
1384 120815330 519219396 666150212
1917 230193289 684470956 164935206
1266 462837701 693167712 582443907
839 141312818 433430812 620687808
1063 557627612 306260669 102820555
1815 260048452 245180819 624646448
2014 26693546 196023986 582555708
572 10594404 266968234 617197775
34 211316244 638047104 157300697
879 527770023 162906696 105633222
924 537093797 340705883 86473391
207 453358633 249832603 117082226
19 449413364 258044779 174210288
1388 248304668 584502138 435537557
1478 365634992 199718166 250911867
1399 310798267 252471236 2829692
1519 52847366 536689488 359898802
1997 418183229 128069241 174906475
1348 396978405 648242941 74215202
231 616327485 51082237 75742900
2157 103658776 548101358 369214881
1424 222497228 383909705 517645877
1377 611628969 587201826 255476858
1960 15973374 161246569 584893777
2408 616093435 573817405 225216173
2425 177253807 360434816 229157163
1971 184040521 224774346 437866061
1860 495011967 70618891 641944639
2223 351569832 594198081 501306014
2592 472773116 54804302 268572780
211 71996515 71204932 121902742
1598 698936364 82940500 315814139
665 1633598 46982209 338990765
578 613721521 500761468 414240070
2403 408041615 434175532 513609600
641 9601489 283850617 707730110
2921 291570913 167694410 516203503
1665 162740493 446121870 248975157
528 623996084 441846262 409617216
2420 646254912 588559667 662672157
3290 131044102 141088558 388900772
166 432340380 226149544 500745150
716 31442831 567531425 567817274
680 587487052 533543136 54009274
850 19227400 160194079 197940046
4453 550878644 465524326 671227584
4290 90133325 441460667 515232982
3101 407938601 520119978 281981018
2530 693704598 203922188 220900464
608 209532149 358263616 368417240
1526 523169024 374275988 546176964
80 111996154 268794140 610829020
2544 339757664 474956953 491824320
2630 386504778 247563274 366337316
13664 217986289 434589945 270045115
14779 515581982 577798525 417296216
234916985 6583 1
6583 156039305 190491864 94698831
662015586 73448 4
15545 247713234 1 18
18374 144541051 1 20
2233 142378410 1 662015573
37296 650263724 1 662015572
796092979 6513 22
256 380628098 744312381 323900315
104 663987600 680494734 140875608
213 566904203 658760777 165528719
82 588336577 254129805 337785208
285 568185615 93481530 486599537
144 347778432 214294078 42750686
184 431287294 508923011 219122575
340 124111308 414284078 277176959
337 638242773 219485085 531759594
122 244273471 175087391 40046101
128 407610879 74360069 624393077
26 774938886 484947393 164713452
167 790895025 595077875 117633363
217 36682274 17498538 401112937
311 385571409 579394971 790916886
279 215576718 554023200 1470926
240 82299237 720375298 768753620
520 718409041 152608391 354614522
139 532808836 700276446 717308098
13 786460403 661627506 130006934
215 417503044 195928493 261269032
2191 681376421 463767567 187871880
438313972 89994 26
1362 29972973 420704093 93138512
1594 215144306 3307230 352396780
165 294231817 228862169 157809856
2483 380400055 409518619 311628153
2107 245053296 409795841 143977703
728 18817733 408355672 371868730
1704 138309267 16853441 8137816
4158 182687494 195740660 166569490
215 187944341 419019782 135697885
1499 327709526 84295318 309444795
375 66300394 381035230 165716728
4083 130142929 260055745 214583754
4287 183318527 83896191 357423461
1760 220130179 348571857 254812454
4046 50059702 168319904 366185773
4661 242756693 218678539 155053496
3944 428069064 238294177 185222424
5479 122730709 144636563 372072395
4627 14528347 348306510 364831625
1516 331969028 158359186 357751523
2191 142612303 88407289 301967930
4407 74947069 7384754 191060917
7638 129843878 26098177 337276978
5963 181892294 137637453 218579457
8777 429890998 70322493 4761261
10225 363496974 374445060 263495933
676311546 172809 2
67803 120934605 1 19
105006 405928900 1 676311529
945885610 62484 65
490 944943220 637804135 613057142
718 904395151 143280745 844306051
466 520193197 512635200 526706616
187 833883198 360532271 816474773
630 616106663 455994268 807221747
330 11262154 677555594 73067117
1003 450737493 541403418 699037481
105 602169706 234226176 254673187
873 668054497 510058 754704842
819 258360235 209679044 11622065
550 724488021 675115666 682896865
429 178064760 866265013 688854231
706 470086418 382663237 617098717
584 72633267 214914809 41142201
786 361615827 243344995 809303650
690 921809488 891394119 461169364
786 877460513 266994088 286261905
313 413500733 336003175 116774277
182 161136753 749709675 586446084
189 781329731 750836346 889985663
1018 259726741 464467632 398063893
278 814803398 361828777 299848064
1005 422949823 391703701 726503915
437 731463763 128753833 552318652
1027 489812216 167530599 373818533
895 237197553 357800068 722213273
985 650232950 754293937 823030039
228 938102252 219632248 837912752
1137 601308667 772971934 438211360
687 101385739 627430835 186295888
210 18050586 605797857 317921417
1261 407101430 776024504 126999585
14 725462416 301226787 339239101
996 275664893 71882302 789793800
1002 862239183 577990641 636484395
299 285402348 359240653 511916167
578 899344016 864293869 787322399
1257 153730026 525906427 570918035
113 627531745 697024055 481162372
678 545226775 587003367 915581099
365 524774710 870392023 478996525
85 853866588 381133838 312360267
1282 58934750 712700576 906018683
1482 747204457 874909979 36058248
1633 451026426 814678885 681371841
1236 736549019 307614517 35588604
849 211594997 246545536 755835937
736 310346963 57541265 915092743
1219 528868706 821230484 438097463
648 912373487 432805994 299972144
368 348430717 11150688 226526188
1870 539731122 227909156 155234513
1422 16594302 566776695 115222572
934 10549955 755061959 747857676
770 265644488 743201892 603257271
435 83003115 661179232 222381634
374 108274004 927402380 610555666
429 600945564 7527304 106249842
107 186303751 655265827 777537330
2265 218525645 606268762 570759304
331 7862849 316670912 11792715
3871 342274720 526034257 327481155
3380 934297842 701577955 795886284
1924 587913602 657229513 665854528
9528 818317051 851017604 386653288
449539671 166577 20
2251 225764725 114503410 302471271
4205 352914605 328913761 67934594
7797 34426403 413639207 48466538
1305 250702599 265683439 406253871
5495 277979687 379513531 107815455
1677 444071287 147529159 283381210
4529 316743919 136421005 307154336
8230 160478119 142350923 279224057
8065 358080844 323018164 275716068
8 158856889 343671122 173487929
9239 321214651 293219092 186517705
8038 75646509 41500972 426914405
2559 20334753 98539029 93367586
10776 121065458 350468735 324123122
869 127569146 434451644 367824384
13648 341715274 198715103 118070925
6635 49499984 109625406 103322127
5916 305314182 129047214 96041248
20535 436675933 30085042 391363322
44800 271781216 306882099 210714131
511956362 198281 88
2084 262746571 79252591 25397800
874 432484093 328228657 110678215
1175 400076145 147144233 146680365
804 291954776 67388396 296397695
1658 312420486 491686490 316843357
258 54423306 323754036 18596495
907 121819003 399551642 43240367
1346 472426516 405607703 316445904
139 385241510 107694645 289223511
2024 476134618 488907564 35387222
2303 337860547 28815813 404105801
218 244426389 70877095 373022005
419 198029805 84500275 458235991
892 103041955 201560843 277500975
1891 365164411 54507838 483535633
2171 256427720 308624208 437662266
1797 116426598 158737332 216469899
1288 320105026 126009523 361163311
1213 510841124 60777809 316544531
2111 146572203 488200621 96829603
2293 174216411 369370294 46143740
1 175525213 445148146 455593624
692 346064836 117523716 127885276
202 249683638 382677400 149030258
340 425980180 468687323 483040029
1828 181581550 147067595 106590727
789 164825995 120525766 40109588
2587 394828956 145212405 230128592
1751 358071557 439274928 329667509
1755 335151697 452709192 247425561
1121 278269520 402529660 70992035
118 11856664 504863802 152172859
1502 133388999 355889715 257422837
543 123832043 340890854 494291049
1184 418394461 149518433 132975136
2299 506599075 403764924 446119458
1572 403657804 99212532 78538459
2185 479922254 491266259 258106885
2919 503052359 96798128 11776150
2925 310149809 68140159 4384085
1554 114118886 234851993 58016140
194 343249653 176322180 286661838
247 405485444 470998878 249146475
1051 447985378 253347306 62693612
1712 299677326 273222314 94581919
527 175952957 421762526 362296704
1363 164556669 300744422 380204839
1941 352852707 305965889 407748944
1072 169064106 376003534 35943452
506 11467244 434355796 120599845
2392 440115927 286216357 183843996
868 208151754 68029789 105548223
1008 114930305 19233453 354620868
2396 9170067 95726361 2940666
1323 508284626 174938902 230529894
254 213826430 453608588 399117571
2010 495944013 159522080 55257331
1966 349206723 361856073 251426522
4028 308352238 45878780 51019423
981 24423942 506655479 341857359
3591 303169412 212852346 144069576
242 283900162 358875515 27525918
3804 114952502 203116782 476059299
2245 24072307 239216830 416323868
3615 359753100 36189424 175411937
2744 117399641 331581706 215179222
329 328904697 1986412 162903800
1427 221698804 19380277 271430358
373 288411007 441972647 277453800
4925 366160599 110922154 68446809
5051 12715904 266643264 59189622
3441 414118362 310552113 52657462
5095 482205161 203664277 207802708
1088 217104584 438760034 309132682
2122 290071386 349437529 125619509
3289 333302934 497247453 39068068
2069 407771458 295793479 472476654
3467 7960933 402092522 444963699
93 249855379 435015314 474155532
4389 420742828 344320140 83455385
2773 359106614 40714648 449765007
7054 397139093 266691503 353078243
7689 371980189 74122453 230673313
8533 137736412 191195324 381631283
1495 431522436 276283163 489341113
9877 16148777 195418582 189416737
5526 494570583 92867876 561892
20364 209505911 9235461 252528628
746751425 45224 85
244 524487645 450429616 649324476
86 441299436 510110397 116740388
147 86812444 464702042 469366962
284 127113243 522423795 655223215
61 203624944 402335584 18453976
128 674026496 605879417 211190616
184 532557276 426105319 717961191
63 527852138 642703980 235431287
249 355539311 567735684 610733628
45 363816184 145407377 161221533
294 367414350 646985155 320729918
436 79639192 419447277 672079582
234 237294346 150428496 507942323
157 487095861 539160637 419198549
14 337428800 706893072 13341450
153 215677067 263170589 424856966
278 5297501 354021309 377975552
295 574610661 391055085 27100906
379 121943784 148345188 95181765
64 286819773 22211220 502553649
629 433775132 101459889 214710083
557 495228801 693189694 394447253
72 554364907 29926881 641226387
393 578943513 302484945 708345257
118 537224616 77727458 116615408
95 169133747 191947972 460109782
669 116331226 321439854 382703660
483 387475822 619102908 240825916
458 348456247 277463423 691320778
297 232329700 30861407 592612992
399 626630366 364240743 13022000
355 70196908 722104527 1533576
313 366502722 399132759 140796539
171 351992721 175040415 289747539
379 666062323 12415083 360997281
573 515647231 523689668 399789351
131 294336403 356910191 334155041
370 248693516 467068594 127932475
175 619608548 733455274 25312271
6 481364302 645598999 530728291
294 122931737 476961746 275712166
324 253166529 546356973 114940600
196 565646642 463829010 364311631
109 579453492 276697317 419906966
764 226456597 201463738 596120295
90 251418145 184640533 468067479
67 586080914 170984547 650118544
310 353468894 412171929 505004370
846 154903160 232708860 540886815
387 30520065 464754947 302144714
772 543341740 650617959 56656839
446 611182354 117513983 378134261
212 202760469 459743329 554126661
395 432988482 91585836 602739644
425 94825568 540155668 567561758
811 351044341 696018691 595419691
695 25404287 367085550 103292667
513 255870791 118565970 71472707
882 616830984 467893171 58800071
798 343391276 647205029 364452778
694 445260576 479189386 50138711
308 84119675 713677082 334253416
111 514464386 120233939 327731788
829 327767463 620756238 492994734
573 360833223 732646208 174720799
858 329699284 692754632 110624495
613 714359316 273007399 292686908
401 540300009 309771582 243791060
1015 414680353 15921091 359544012
344 445816613 275350745 23131229
113 218062627 91219172 224302415
482 630089011 96375693 374806783
399 482886017 142991524 396417337
930 71045113 642380029 441146006
1321 445967377 242034039 360034942
583 296441319 403559644 404522345
1648 640392853 492605405 271311850
295 271951146 667916458 1309436
1513 9827852 137060209 460579645
98 33129997 567104824 213845623
772 113941741 218635347 579243723
2632 138148026 676088542 596210857
2660 80505111 742623111 363286208
3014 252538035 471485769 7165815
3244 427382724 7491289 459649869
4 4 1
4 1 1 1
667424625 35225 1
35225 3588614 1 667424615
600025401 179178 4
7609 105084395 1 19
48326 31844712 1 2
28597 193351788 1 600025393
94646 41885115 1 600025393
303685387 176187 1
176187 96115734 1 20
837497325 165058 3
23915 146831713 1 837497315
33545 505943903 1 18
107598 150921464 1 13
759640907 147133 2
56773 148752125 1 6
90360 144575027 1 18
770605875 199219 55
3600 202930763 198556819 154085714
890 425538256 40719637 351399904
2395 409857583 102583374 116075632
570 303144923 86565296 597596677
488 603624933 345088248 350054245
1334 329626231 751891830 604265131
2216 753405231 81252653 711872594
3369 650226760 556715329 501527511
2052 407352716 577697728 449072988
3386 374403011 738885314 215398665
3476 167990635 37955907 464294757
282 256035243 89534722 18440530
498 408242992 284976842 693465908
306 173108750 497718134 446777263
1374 610747090 122743756 63248681
4012 239004243 143129137 48394150
819 215564076 716266126 235469599
2053 191874829 626634631 567297443
1019 333256517 454013416 750275735
4450 555769343 98032192 507541803
579 206922144 144600674 347721135
2961 284709813 514963785 713813269
2884 324900751 58676707 543535243
4396 723768985 150318472 500688162
2602 522345245 383031677 417372849
974 181000168 604741113 118220485
3200 560659472 702202848 115040393
3275 282035991 597713226 299120477
3862 564889116 443869271 210937037
4777 434813433 289003701 22257815
152 525068404 500566907 294397041
448 460306981 215243379 755817308
2285 506318408 700722846 439190778
1166 514875817 266886557 501101289
3402 660973718 702606340 633254225
2301 25891040 473855912 528779084
4573 121601234 232090915 9699358
3806 410256142 645761275 511416833
5593 381690490 260891017 13604054
2056 605009699 278521435 509832326
6336 652503689 304244191 54283997
6173 384659071 527591245 578797968
5144 227822978 640032920 394130114
4894 230449996 382346303 518298042
1229 750229513 450881432 352279220
4466 358096849 419259715 14896
7331 243822262 371929791 276118028
4746 296132235 135231521 746468846
3561 559427205 403838360 227016787
7643 497833101 383687653 605807520
6485 338734336 736784902 676123837
10482 573390221 462630742 86932384
5988 399012973 646062142 495722291
3335 269708092 264783960 672051730
27525 101886634 579264888 723082214
463706512 5113 38
74 363978402 305105885 24094694
84 270941315 277293496 285802441
33 277942429 335415434 57349845
16 136506667 438739193 13397821
43 344174959 363480900 402237146
8 146868993 402807415 422246892
1 414173249 427743363 21778170
100 391053983 57426967 212861195
70 374574482 377481940 365455873
2 449408532 424319431 374668566
108 297946422 985282 329117992
118 181680013 270725481 29102487
150 327715401 287957535 155367794
7 367084914 424042765 217920229
96 257889654 51503868 257552614
76 96212816 457597169 332923406
172 2453270 245312344 58357064
17 8892751 267173227 443155701
55 194258874 86573723 114179551
125 83887685 295060533 351052449
102 162539283 222983093 248576898
97 287703558 436809580 14755163
188 177584163 231653246 107917597
182 307724642 257610995 462590336
72 440489532 148583254 197484112
67 456682163 288647069 96902514
80 159523630 429258052 430824133
223 332107663 301585555 83820240
246 288987529 57668986 457625805
198 342692464 358168531 79915343
181 259919592 152147048 377023756
51 208364756 144429861 135087360
145 412345178 450327440 284375805
258 433335024 448707012 417364006
269 1702071 117932132 185273119
147 282727921 381186167 218265301
86 42249801 121702483 276303205
1166 406659520 176243220 212355825
585313583 184195 40
1924 455988568 549377167 426293379
4368 578227811 519065647 525316800
553 347908357 80756499 76348000
4020 199280963 111617797 55473327
3207 189105407 69106838 524578891
2224 196582532 474688602 520962382
3376 570217579 248033676 15921877
2394 248914994 438772487 570642238
4889 327948012 449678459 508791384
363 402136690 548733120 300783605
2820 1729429 484790662 471084249
2925 420471503 2177698 182103012
3799 425727148 494971681 401333246
4886 560529915 220614505 255048672
2157 20829423 152240161 131524736
3303 131056820 241927432 181772590
1799 193966750 333359804 190463175
2065 341661341 572263099 239624354
5840 189930874 180333782 175910113
3560 97004577 186177446 235622705
5810 378670027 122887524 338550802
4868 530887763 405620693 409887285
2830 24822753 579376998 459444915
240 271780710 564557019 557724138
431 446580889 549514954 154492364
2061 395610822 417532700 101869181
7671 80770041 74618039 513848299
4802 132938511 277881437 520938610
5001 524461867 173377459 352368710
1282 340455177 94432034 261253552
5435 275718003 574992368 449730777
2606 241133163 453947837 526273509
380 521927140 106834383 503492705
3447 205668948 304958211 386374761
8101 103335618 68807894 418278615
13425 288511136 390986994 552030806
4901 114006333 54247980 493996418
8228 442983666 375373630 267337801
1171 43251297 533962826 566421978
41033 216987936 427414648 176473037
47518346 146049 3
20945 21625378 1 6
10454 9781217 1 3
114650 44005609 1 47518341
251858366 94064 1
94064 64021899 1 251858357
132620377 121284 5
21728 75454426 1 132620360
2623 60910720 1 132620368
4355 14695425 1 132620363
24451 81358506 1 10
68127 123426173 1 3
419788210 39949 5
3158 314168183 1 419788204
7041 405122183 1 3
9631 341488217 1 4
974 84312269 1 4
19145 166548034 1 419788195
82681258 75117 5
8032 64171360 1 8
15809 71608661 1 82681243
6017 30998641 1 82681251
7679 65001746 1 82681251
37580 15053123 1 82681256
894635519 92909 98
95 850843950 723955952 536286439
310 602574593 370198212 93273100
929 883735633 762182409 125458214
111 672229704 844031713 117386110
725 762546726 293165715 206598623
572 322601255 792542475 781728851
691 14660881 443444249 197510382
397 387482439 599287594 131715288
918 304669614 494062179 373061612
91 638598232 794647910 575226961
31 591016207 400904932 648077503
154 517432593 435790428 681968362
899 876735660 328671535 304878028
296 540792550 181811384 787946162
400 233177788 742712850 747071638
387 860434157 354211542 298247163
712 390005806 136327355 138128053
424 48893727 568817396 574230099
722 109809553 668041676 832297232
847 634573147 19469476 549914322
259 122559751 443174851 120562493
1076 128944459 428550231 320441121
946 795553601 865972949 501505878
624 560006257 238670832 9150374
66 711457206 613234302 418986568
453 235143775 467780190 229284778
951 86524508 609634538 221563995
106 549435128 683753184 417974411
160 301540231 875792854 456862659
794 342488492 747663184 188207733
891 501028773 316998378 422844238
595 13815228 576296217 352429784
1136 615466657 321284149 19690366
865 690541815 789687970 616507997
343 802725954 866367754 311089826
203 380545052 725219586 374761935
682 133055146 512081549 220127472
657 728188998 428594544 702008728
372 54709818 23620317 731490118
143 839296362 808260944 438265868
592 647618224 326387761 369048023
962 520394390 737659608 294516803
1040 266717632 443478464 748860950
375 285209010 34791520 659020765
1098 759780146 391821506 580859155
301 630424549 612628291 276550995
1098 4935490 496798810 769059004
922 61349376 500968371 815284134
12 566125243 405311547 372070349
1022 493551245 277747422 632826185
340 699099379 816600161 24804949
74 333879918 747554242 329613230
894 258686764 638040875 695631664
1030 391321314 514255862 484040288
1186 371818392 415730855 700135673
479 768059181 886688986 385823653
590 317768711 591491203 368488646
70 825155936 24903390 367516606
92 329150960 398663812 757426627
207 504588297 162968909 773524500
1170 276347278 672361738 717819006
1333 78474359 445644273 720106136
714 363705328 299537323 184698702
461 880857158 67315608 366194790
993 425499129 325535683 548302000
304 561668047 674626004 824039512
1142 574081730 99446600 892391191
1625 640452893 867529656 77130771
1120 785888587 489389689 652104063
1004 844367939 761640713 23723137
765 815152546 389162836 56580934
1024 499605427 689162009 279089738
695 627344914 495860604 630017960
4 867780194 590320639 570248989
1782 43491845 581080984 9924902
1330 462677239 407338385 856878133
38 662099167 570416716 657007612
333 798581532 536616117 310401529
1689 245363000 388726409 644092728
1471 449160402 783928806 300364779
1102 107253766 279845584 213513636
1559 668792829 854780760 28938614
511 81245438 250655285 521809331
615 572874467 263766509 785282407
716 457873016 478620441 875474986
1322 258315794 159323915 467793546
2326 299870926 845593890 651881936
2235 480358967 760753737 729538695
2953 447193097 250368329 497591033
2496 251909563 145944384 246730583
1984 398644397 516439852 3357941
1884 463781855 465763393 395915075
1845 131056409 868909355 814707819
1965 678071717 628851024 657754139
2714 826937149 670107098 781148412
2653 271422075 262637653 765208178
690 223901809 262333591 710298786
10925 373514688 587547980 254399719
174069237 104443 1
104443 146381466 1 20
470208446 158284 64
2092 355604190 161857867 277188662
2388 42649943 196614424 381131662
537 81171402 243900452 246890867
495 101795695 367732226 243783403
125 160845044 445851866 417434359
1377 269783309 169003135 234788988
796 210028450 207925618 119176616
789 257909271 438822698 8696671
422 341052737 257526775 302329180
1496 349866514 322330041 147795029
87 193826716 447501393 136608139
1675 388989823 122149783 23245836
354 61092870 193621090 61269274
659 232204822 16739986 329578811
2756 435547810 373456144 365672550
1458 50191823 271737507 206368019
685 310141073 363836684 130258091
1197 463615874 262269817 310601101
2156 463895479 393418406 13007746
672 102320267 325101726 185364081
2116 37467921 221108053 74691644
338 226856174 109013288 251725187
985 201468524 130364426 288218193
123 70656425 47715760 468284243
1835 262519932 113818103 46144132
2422 151684800 314259879 317491747
2550 26526290 319902838 153120959
760 104386585 93034525 78952057
3361 284144397 285185385 466780158
3172 234443802 67261928 342999883
884 345075987 52218519 371395953
3263 298928954 194268154 8497366
3014 267019937 119625428 436498424
2284 99368927 200152845 440160798
1082 100950698 300511475 97642310
1388 40940573 272468965 315776629
1987 397390347 86828863 244964052
843 455871472 16451419 116025839
2772 220803451 321741178 11739999
1951 381211730 383643207 400555041
1287 45353642 263325121 4121688
350 100403765 154889555 380995524
1434 135356549 38650993 226533039
3361 432393067 228180433 463850605
4176 419068456 404526207 193481196
1537 144714128 170291595 92416354
3685 227655059 127516079 367531341
1028 386605428 369480277 357678936
5005 336811673 459430361 44449164
4520 443972251 234579200 388868824
471 230990866 190536732 135301631
1905 212871443 304074790 270326964
3457 151666574 437787110 11447073
2061 84075170 156272445 218655674
4777 47595180 429822171 52112089
5236 324369211 321534143 284707267
298 273446408 70838183 220134477
5100 10905798 140271513 398713692
2239 19853497 76544603 341681141
9016 295687601 137032407 5855073
8721 284564662 122004012 107270235
8048 428061588 279489277 72521831
8930 239892352 44881335 46513132
12296 262529992 112351798 249855872
517501236 125166 4
29521 146394973 1 19
9867 300211273 1 10
38212 342309353 1 517501224
47566 164983527 1 4
868962287 92794 7
558 559231157 192581035 453073536
7414 849765354 351212461 868623578
13196 396952760 322188947 242305577
7430 741462041 307756007 91233246
8316 161057479 629663960 101714790
396 347910064 487221530 297818569
55484 332219069 453665799 140582484
217030494 20348 1
20348 76321382 1 17
998760990 67218 99
59 146277926 167674370 522811313
30 227746308 395152933 405314321
392 295178046 547029617 214489629
3 943655059 265513794 723930045
203 114344005 984437346 673620770
426 293427616 751837111 852708662
58 468283918 701708387 729496751
202 535340755 412513721 173837030
393 742762932 247571488 186095444
107 412920786 951445349 243066284
361 575497873 263474759 12577690
677 680735244 855989527 443166771
408 708945866 487500446 439709144
699 270100620 922634880 640255838
14 399848028 403458638 138368844
489 433394750 109390258 123820943
106 969944706 427880495 988995690
666 263373101 588262914 745561863
164 582557719 51537203 249481613
134 502312495 366907046 235772747
665 609086613 221485164 230815734
508 597775269 718053178 949365550
630 902875332 316513014 987860448
79 305734793 657127421 580317707
300 134210542 161245907 726522496
689 866562111 75562241 308834991
271 804376795 668898402 642163534
719 392694385 292680789 642072341
33 415919972 341934624 753885465
154 366794136 66958083 598297475
357 593464862 341656763 304014429
154 315100763 125222832 523309273
799 560227145 802828990 281631006
330 865725379 662637923 471709362
511 991825963 848704295 874132889
463 37834298 165080269 680668398
194 967672603 522648499 435670559
684 129420808 735653524 701344978
709 942249524 171199489 207830135
336 770358849 699637888 416591622
287 735638129 461424783 468238683
415 460876110 71370830 868926779
389 208630990 612363876 923680231
546 744113214 324416642 92063481
210 615263884 103123370 350868922
193 580150558 653341669 250535388
896 418347998 759391443 616288633
377 132588718 851952178 877457406
524 822551212 819875042 197982963
755 302234749 48075293 704038131
217 448150344 889290917 551689472
506 768834021 382115496 204646917
472 903006659 349539755 729827436
813 436842795 179180013 781723886
305 977567092 871068744 300390144
666 771209249 273666539 538958498
414 527820871 28433110 363666125
221 438463513 86217396 769332074
221 58323323 654263804 912477261
168 913864891 334546018 400132787
41 136767863 521050725 425126277
1002 342109752 368313007 237243124
265 184019067 348953402 92091542
271 515487793 744550992 362324741
1201 706265044 651507869 453131791
583 296277764 977718717 956921966
1115 292982798 563935037 793419433
595 865263567 43266466 216794932
792 723830030 160974329 109240830
797 705770920 90272482 422988538
997 727126946 703872076 237130716
1267 10733852 284372513 535469235
763 953058240 731227332 976429312
271 96282285 817648467 514788297
997 283985929 680247890 907565334
545 601471880 437687976 761817592
673 442378421 443348305 235722086
320 503870867 846543186 670391229
1408 155570048 598004977 746554926
195 666816942 15071271 558521610
360 881243994 836837428 951671784
1659 471844785 90410245 596192283
1406 329397396 595644671 160699879
1376 767910760 54978164 111897464
1609 56650376 634718446 579556725
467 304087899 552316569 92167630
1307 506079905 155507400 67619215
902 660152207 152222770 70301408
1500 104183962 504023354 746484004
1774 87569104 628046893 530782014
570 654281361 49136593 444347941
714 147102549 955193238 134012347
65 374663832 190138139 398136962
2438 18647776 827142857 557173228
97 947560672 184875933 183734692
2969 675553871 919502570 20494079
1807 783200440 691797992 521946669
1160 911734205 136374917 402585316
8169 621230237 262129249 389739085
525230490 186685 3
20266 309225433 1 525230477
80727 152275674 1 525230488
85692 488098521 1 2
475699365 43054 4
10501 240358671 1 19
4715 313545155 1 475699354
7962 10543708 1 5
19876 167391783 1 6
762350966 147365 5
5675 753315367 1 17
5157 153836489 1 762350957
23255 356145195 1 2
32928 311571623 1 20
80350 618949962 1 762350961
152188516 128900 1
128900 28603539 1 152188512
636293964 15703 4
2270 588523200 1 1
1350 593107126 1 636293953
4996 270968976 1 11
7087 497829072 1 9
312889643 4497 11
34 244855722 274290022 293337782
213 24989724 241947306 160317416
121 93751069 163978873 122812773
356 56256578 309325602 154675407
311 142272693 25986132 88938086
312 179826097 120786045 82667525
565 122780221 199122521 166579798
630 146136228 113132625 219646196
465 193517372 73488530 269670151
185 31478552 101235549 17375155
1305 5685051 52569289 236695509
877689892 123304 53
1814 361170641 234214512 346277383
486 186640070 562474471 730692340
1873 416554033 875527008 102732295
1960 25346638 84031237 657065921
1504 780622614 570034126 515541672
319 804873360 101436294 385200018
1886 374381366 364805536 330819929
143 627584790 721058609 468968901
1072 462537308 335949401 838633933
385 491093055 167101892 319342463
2524 834539169 795208972 335208200
1806 815978619 267556220 204838985
1722 454099009 192005541 636216501
1635 8677295 818246670 86878776
1724 664142781 868739209 523080940
2385 382822587 505197957 170298331
2175 167846583 511041642 13320204
1413 668562997 38615925 605325513
2365 591993106 767648809 449179756
1639 428995328 357315781 441270710
2018 349829849 617969524 616594541
1298 763422251 527573151 39756129
1650 727544841 875934445 682317334
1542 613754919 285290794 665796825
330 179664716 594260010 754709975
1224 805275759 335649179 569278180
899 58411879 688245361 620089776
677 556259681 137831454 644684423
1443 129772648 745542819 514947413
2505 563127262 333733832 328608413
2800 34081318 392934371 670750055
2573 69703231 523730364 605695460
1642 396152694 712346365 464480389
1974 336515880 799453362 704602707
2938 382779628 423407545 92821655
1278 337472028 867713821 766394060
2089 536875840 210381054 781805790
676 445228471 44272390 834919580
3093 55710935 758683063 735327092
769 583295982 563389136 29725583
557 666724170 577220131 555774337
2854 762281282 420667718 763547364
1277 169045922 333846379 818509829
816 79385774 90988581 492074702
5650 642940481 217311389 262752382
5055 419561489 303554174 59947012
2815 237169717 280620295 602327780
5676 47077743 202480815 284175066
3469 73246722 77027484 633077828
1729 401475080 800077101 486242808
6133 844465525 134691288 611345552
10582 7374035 601350581 11726644
12443 97020746 606204420 315580535
1000000000 200000 2
100000 1337 1 7175
100000 717501337 1 999992825
714473309 36536 85
133 272681643 148029336 562062327
53 207038765 459913847 318397231
375 551716210 320873604 558037983
369 10690179 445827238 388507716
90 639682838 252150857 572420227
178 384861054 171638766 555069553
266 510324849 508035905 512764763
327 54289575 3239528 30429451
421 576258388 4407358 603466052
395 305181240 195699853 639758596
184 20628202 184416657 172493444
42 466238412 135210977 673387269
25 496620319 609845381 655585602
215 434769799 623026379 116824369
55 505908802 579531325 292710392
229 167853421 558718431 330836430
103 780200 619525313 136510971
365 701627956 473599455 490749576
150 389035958 626705996 629608407
276 164189204 619042199 600497731
292 434033295 49692532 224605149
61 600834620 358128748 284686299
316 237415073 118537560 514179378
126 285600851 332640827 480276267
186 495434863 255259593 567482994
77 122613894 146156191 512017729
282 182810990 683547961 662046384
474 571347098 620399058 600209061
202 217714029 535274482 631062666
281 271587040 428818268 485815519
230 642092358 666280943 181086575
226 395745014 356343084 586764676
386 554308269 11806041 207528359
68 412770837 149068764 245075325
398 579715398 52372187 244322647
458 308301694 69184528 11439213
358 692430740 354638963 541560975
538 235636367 318227535 615234136
70 430741318 351007458 118830933
455 632036593 274365760 272451587
389 6347417 382517807 171220649
406 330246069 709163790 312486612
413 683661689 229346580 247496848
35 149498901 216357448 342663396
440 694721288 645655874 187008159
221 217579990 681270225 146571651
394 694436623 104138697 597372767
216 666834093 557147709 577509292
391 456744229 83236429 483919496
402 353702439 548982577 462993652
423 627518309 313959690 42584576
76 331480971 297426607 689961365
386 241943092 374188572 664724866
204 131905632 49030951 58624780
512 631776857 71325531 309985289
724 575721925 387162394 7194744
132 350699308 365150464 348437220
671 247588782 676008586 311746255
392 579516536 713049737 646091369
569 539317594 486095019 82749098
714 248564674 223066629 73460348
41 327502725 210778352 138749630
664 494662182 132342249 675888959
653 622223173 163635815 207205719
376 18709917 138064623 43942625
38 527068427 182137508 248565245
13 372514155 67099527 82224313
339 141686653 690821379 625247783
654 647315872 686233252 395259990
514 569171206 578852628 535078582
964 647785557 675396855 83242057
733 366576514 460199545 25787437
204 625700877 157690440 574231584
533 241393425 159517328 19678047
118 82874614 108487794 713422135
1172 381545265 599581304 320748438
130 79530083 463440967 493141954
1423 157223074 496384380 138898480
23 7763962 339612477 621065780
1599 291356696 563238695 633079661
596 224905233 211468333 641076307
86 69628585 389868996 331317101
1711 497411025 141193843 246392979
666 316107416 605432435 331626252
5441 396222603 516077224 590417250
781870485 27754 5
4440 433715716 1 781870483
5229 46390606 1 781870481
84 500400852 1 781870473
172 120073851 1 781870471
17829 719547478 1 10
161999166 187920 5
23608 53307673 1 6
3328 106700575 1 8
21558 32986730 1 161999157
52328 18943649 1 9
87098 38050951 1 161999156
181633116 90353 66
1106 160482674 24407785 102048623
875 159562730 124427192 102786714
811 99106474 34845422 150199077
771 174200014 6224181 89361374
638 135489608 153405488 98777004
1264 23578395 133629660 118069990
470 77568444 113455555 141728890
291 43196261 54748918 165350965
1418 176813434 112515602 100368829
37 139051820 41975905 107430504
1331 73822887 147365373 30458370
806 92967526 81471221 13652293
336 54283489 35889390 39986224
1376 112683056 118670900 65464206
445 44250180 13810186 132917196
1312 94581767 105614158 40249898
265 11212792 101369704 145397122
446 67525717 75984232 120779670
795 47610704 24361572 56635451
677 49180875 35192852 101828682
1365 173837375 143496337 170142392
660 156928454 78741795 88240381
148 3587120 33446830 179744067
1100 59218805 143923400 173793594
388 156606669 171943770 99881813
345 18437845 121315862 21303874
1259 77890757 129313771 147955967
748 160193916 37767437 40666097
542 738500 68359735 31907717
1537 18984839 8836493 139241703
189 141621379 32767223 75863268
1235 137037794 112809770 155428824
591 134004397 146208033 174010987
276 145609454 18455041 63634683
545 39621834 130143791 62814407
419 84007620 168210394 152621851
170 123200636 70234686 38779449
164 138626629 81871548 72484743
1415 21268905 37261246 60132489
1287 166003228 165244703 14966761
1186 123145848 76309969 58464913
1059 58519200 8707225 41475621
204 20217761 53098428 15723805
925 17345224 125216376 129675224
1668 152174197 116965483 100553780
1990 133573165 66228668 24181624
1574 16900597 77113720 47663138
295 44707269 84747360 1299877
1883 68539536 69932847 56156545
2354 62028140 148710443 116671787
555 24421707 28658506 156118416
2890 49774140 31103069 103683440
46 104639208 121281682 173173592
716 169902743 176397015 30849838
3197 133584693 110237830 89902623
567 177822707 148929289 165514362
2909 96288061 27134495 136349904
3141 4975401 9770692 32229186
3173 175936703 37539257 27847251
958 22071931 119828830 158793892
124 152377106 39593502 135397733
1784 177844700 95111710 37028665
1875 122045037 36948177 27986727
7845 125557132 70846670 3065484
3240 174211047 130077149 113470171
14342 107503920 168137829 135847853
652146359 78435 3
1397 294583430 1 3
16106 495810545 1 652146346
60932 109108888 1 12
152460426 113103 4
23966 91448754 1 152460410
3645 138052223 1 152460415
36627 49726002 1 152460419
48865 57022000 1 152460420
429451145 59250 98
344 37044464 176309639 373717464
61 363946535 13788920 422360614
66 265430707 308846204 239995025
611 68422582 58926025 141789500
404 241084631 4434721 213811680
207 398362811 16063297 337418030
471 293947091 123134860 120699163
54 38283946 290254272 108025545
191 239934633 23051122 330141990
185 234402770 283807812 143566602
485 351505693 389385653 135236242
620 413756937 234505570 392674436
452 210300947 106288528 105727215
327 49186204 380039923 144862545
177 90614506 270282224 115982028
413 154898886 172363463 90409158
610 335841125 240296484 203720459
96 309381397 374238173 263577753
514 362245821 26436310 226594008
16 57928890 116741424 392824628
197 277138642 405092272 306814280
543 403303647 136974483 117097257
252 345502658 217205247 205302004
286 116246464 337036261 147266949
162 290785630 167223947 90727037
511 51747876 375450534 282925087
110 195720969 144933468 59436191
593 2275452 216933599 284416759
250 173316610 407556254 113418560
48 338688864 237887238 162318257
550 293770766 381933093 232282815
451 426728014 426591959 118733018
622 44188408 262739377 250226983
28 35496732 167535731 417306663
645 298379188 159381371 216232227
400 238615555 171474372 427027434
658 216379461 87056998 299939529
96 165928596 321033126 26100470
345 35356796 249684206 293335145
96 126673436 293395408 391227064
9 93918265 287885443 186494589
272 241058017 12697336 7211998
430 61855433 188839415 7155073
196 264319164 339706554 86406737
295 428920696 184169923 288664089
636 191526982 308592921 207300836
458 285671302 262119326 408900111
834 397399437 158613164 112462884
786 67885316 273989045 405044508
473 227409326 417379338 133430079
246 274058445 311942643 33780619
185 243982986 363701462 383187167
685 334173495 245578771 247889075
665 409723971 91710107 311715926
748 279775889 428016344 21340379
408 325573061 417699744 199616305
447 223030021 198698547 182478782
150 115456951 191754812 340754863
775 390994293 87512645 393710655
397 25026745 57070202 112981193
206 67017470 204308528 173144595
719 249997638 96787454 212431041
583 50363986 160615273 111937051
247 81855129 17276670 189078573
960 74687855 300047713 157658849
239 13297217 220261146 423285666
499 293914707 269072327 320860711
706 87565702 263448164 120925619
922 10222545 127102471 28227029
785 312210747 370492184 366412097
371 427951659 421757133 421027458
226 126644396 62062364 307908602
723 383029320 96813946 77790951
345 249328031 277222169 185264612
273 302811236 61216437 340396969
314 348203732 31468879 118163424
494 29899716 64778419 304486150
225 292152999 116113820 214282265
229 115113017 222158432 145695156
391 94966618 410785806 393256620
396 121024370 197122019 77938950
888 50203685 263339972 396853184
1047 90773820 4811333 274421824
241 39884152 200266536 187484197
939 242574875 220175818 208415456
565 184448517 43142071 29485278
754 360074031 149251157 182595925
1675 153422488 211974182 169566024
594 234635482 234583888 122292337
1576 32114096 71506079 9464683
1449 150574191 404050490 192215513
1721 170079541 297133282 315134477
1927 93799866 359268030 128226297
1204 249830754 13871964 421866124
2577 263723427 254577282 258401370
754 318931754 19570618 238578986
4407 240242484 22818924 400331357
4837 130521355 8194086 147761016
175945384 162154 1
162154 153383953 1 175945368
931452381 110015 1
110015 517377175 1 931452379
438245744 183863 95
1494 356474165 213318770 199090789
566 77034595 75972134 197702544
892 24457167 118726317 121982693
1102 154403682 17889523 432589112
422 94671561 253610799 140018604
180 419157666 394921182 312617889
1225 46675238 415154323 131112572
99 287665043 326679304 26184438
483 87622441 298569548 159147982
887 428909779 302517303 428275256
646 156181081 352406542 295249169
1150 432696326 52955177 29092746
1301 364695553 397350884 98664538
423 301682298 168232079 347331884
1474 73326203 225593255 370388153
1891 81108842 342226524 203488192
253 86146990 221236592 403539539
916 312115008 414254373 416763733
856 153358230 376180606 94059041
1419 108151066 11885694 265980657
1430 128301403 191624821 300861499
683 307486747 405703742 379423366
1789 154920429 355265070 435500415
61 58634052 32862692 266913876
1052 227383587 333874023 297112501
1884 334275702 241937207 403554033
111 163129732 433395079 73879438
2260 44229988 79074937 125627747
1106 106782421 320084434 362307126
1487 274185624 185665988 421536253
94 205562719 279254575 135407502
40 436421234 206259820 118350231
390 127732248 422735298 309318055
505 416982997 189178727 328977548
457 339721721 306675127 395857639
976 169547669 136099974 200759829
266 100218761 360072924 407724322
2485 128080512 51215735 43569972
1399 51796675 254946660 57324074
24 77320195 13141845 332710263
1007 236241991 331170421 235597718
743 166029503 87830550 248263085
867 215725983 231680733 280376685
377 88228590 102518499 351933773
2699 203423529 288987176 335051514
152 414136829 304926671 321486940
1455 89351957 372552148 110328829
1039 184970373 73228536 402854080
2882 276015978 354396421 52042236
543 312121623 88016462 29712212
1610 103958285 114470823 39922672
2757 16940556 108354231 204288355
1396 250791237 39927391 81652329
1217 181101750 67607017 74638000
1707 255884936 332993030 392136509
316 259246931 232117920 4537480
2072 312133946 147566274 365922131
2961 57898746 228698544 409585255
1060 134950579 152971954 77793020
3230 306889347 276862846 342024648
1642 377831547 245395095 72185353
1222 108072096 207078125 429457379
2961 187187732 212360833 431856353
3046 7149244 177514074 404983276
3061 73329287 325589954 59822204
2370 143450749 139387896 69961623
429 32498612 10868324 430940265
283 346311906 238422731 311702003
795 246182376 343306841 51514931
2388 69153378 66655609 49087150
2902 146251833 308161247 127130712
2836 284606539 320939157 148945070
2502 134514528 237654224 248178436
2530 202437067 410339895 125673859
1090 409886321 122835104 56403656
2261 298232912 65376260 368173234
2988 330110624 25620820 281404079
3261 154642788 185316128 354918024
1156 159632577 295433489 190380597
3220 274598289 18581926 314558464
3561 38458048 40978766 102544149
1736 263334947 322458068 41025743
4736 293025796 307052643 245267080
4254 187246836 260804730 292935909
3176 369384026 425867139 359535945
952 395556801 172426773 226413158
1248 92990084 354281813 431831692
1590 166444613 166516587 278108925
186 112231315 19663872 36604539
2133 429251600 435305147 258129053
9455 237559229 112851809 423549967
7859 346913705 20126718 154759700
1811 52311646 241775101 349387986
8223 19352501 89598081 229627824
23732 289095000 262395940 166140389
696679476 93375 46
279 509137959 537204585 373089675
1304 19568558 196990556 197871690
957 612682233 680873055 175076104
1131 153779222 440750667 302982263
1039 290829522 272396758 11170063
1191 47406942 539455535 157005692
1930 117462423 288440563 620570589
249 139704351 387978967 35857977
87 297279973 544685837 599557985
358 230670002 639941836 492810104
1349 373707860 39935164 665029189
2080 410265661 372036494 227424149
2333 35774697 684200466 639095808
1371 250469261 317052119 649408854
908 273160329 57931801 109558287
1666 533953570 25765643 7939574
2006 30480185 219915579 436126986
700 529510308 90042286 32808809
2435 122268715 197717385 266039106
307 202364602 628777429 9969356
368 39875072 66708014 691251005
2291 337052698 204186727 371002021
23 538928595 593887096 335303406
2027 329129976 95169733 516998438
2440 507568450 44425807 187644676
2219 144427016 152052279 228900988
122 524023565 329475879 436008309
698 50493041 683634664 666239719
1517 406560903 428932668 588344862
2490 523667582 602698168 405487533
2301 689832457 134142644 582664526
1443 232639179 588044800 637428565
1603 444719730 487213675 539319506
1559 70193507 546286659 694876464
3024 435266228 417470473 251064684
998 492488540 249965897 608584978
156 161834940 436870659 621505923
3890 177165245 231927233 500954090
4888 110299296 228144143 115232226
1788 58668796 670046833 514200394
3006 532416416 309224289 73878277
3776 683176663 351771967 495680271
2922 135756285 377314075 54414502
467 692602559 78216597 109606425
5837 189039856 298656996 62823518
17842 259305223 257694666 144657442
833029113 157645 28
191 281340277 348440619 523102865
2544 139424284 438852931 360082757
572 192683508 621361739 571375121
901 687447917 224085983 265443599
6270 815229117 621819416 784590238
1370 602938211 788703905 357954672
1089 683721067 832804345 170430988
2066 432863415 320541236 656787395
4657 350167652 428650879 785275396
6787 510193981 83859850 487586936
4436 323325146 145392220 318170030
3864 38175925 679572749 466425857
4506 77202144 394858484 590590921
7211 729388372 118040887 566142906
3071 681554244 86300704 80538547
7332 702581755 226639836 390644869
5737 87472549 273439015 418411896
5870 739395529 737843035 371780058
277 394465234 95519354 806358731
4577 340361570 398845646 832759353
9165 241938391 751324603 685656432
5567 729507720 522785240 239868179
9628 732356397 282230176 75530071
3200 528431723 395355047 77910439
13996 132668612 109341454 593501506
3561 610606257 718967071 573293545
17982 182866293 425087057 636136644
21218 826990335 691685461 371495373
652354045 189843 3
54372 563101171 1 652354037
47421 33498915 1 18
88050 190045292 1 10
337949030 31346 1
31346 39255187 1 337949018
104420315 198337 86
1385 45090813 90828215 33217083
1159 11371127 20673560 78754100
1760 93968437 53189372 103835598
663 12794611 3784705 33765645
832 10514872 46380495 1573194
1511 61575360 22204526 71279787
2194 44065318 80572662 51518493
451 76536837 101381132 1122538
113 76452198 68473855 40309503
723 48796288 97612142 54671189
2441 40924833 12655492 52502475
1950 12587757 61175965 15718365
1735 85531864 87725806 80269503
2403 75936872 88110192 78065104
1675 6196319 33116961 91227711
2240 45274514 11701627 22592549
452 43322423 13891935 18478161
2039 30509853 55390066 12241686
347 10204762 66202479 82284382
1657 28834670 12089243 80872085
1303 5792192 57173555 35876243
232 3143235 101244800 76147093
334 55668622 55791792 50330009
990 59946022 72031019 50014435
495 79677032 47063792 100042653
1630 4000754 97127983 15543043
77 63043025 19662536 5479234
2749 35731417 30456891 94262823
2035 73660428 60775681 43159247
614 3146030 88483661 34983234
1478 53597943 64289413 102252754
2642 86320940 76220492 96061109
2367 37168613 34411992 46682944
1704 102213580 6854709 21020459
1489 49854152 37659796 104260936
169 82111458 94279704 65380725
134 96263487 14957447 66059553
1389 75313365 91093947 7645543
1727 94540955 36278210 51630473
1225 94741009 58699813 70991609
1258 35773631 88662136 37066609
2855 73052030 13161594 35344900
1541 79322404 85992655 19041299
1354 75077433 94247800 74156195
935 39635234 98231519 35506774
1157 45874653 66018306 28046676
1451 27775518 103541662 84850566
1699 22870601 1333777 94427669
1838 52351862 71482389 58956425
3395 42599293 96046223 83721332
1961 82102340 18550247 39041850
1759 34592092 37810945 10150053
438 16432291 59408578 89574401
1457 71851948 61678675 49020615
1961 77578435 91956124 3344229
11 4409230 39531784 97275998
3000 40419052 58341705 8464725
2926 64417043 83148380 32974063
1829 7632228 52656432 63053380
610 41751871 5236892 58599386
65 61522373 20062377 87200559
1816 93620356 20111712 46597584
2425 59242179 40348440 18612455
2002 42898715 52687519 6728133
3901 35248603 41298377 66907998
1794 94127245 5329513 13276897
1697 47997203 63110464 91356966
3210 46731601 62618939 54507923
3418 104092591 88684020 40800250
330 37957239 97805903 37044079
5635 102934810 15843789 56714410
1921 3805526 30091161 36824774
2649 51265939 30006948 86413721
4037 47792529 67954147 95552930
5547 14346265 71192575 8567103
3526 96319969 21202856 91959266
4005 104108283 29220071 7954517
5530 95014778 41286083 78725344
1399 72264114 17793170 6248354
3715 50557967 30012313 82339176
8340 69192232 35051423 15678160
3644 86333475 32417864 74643
2441 25011330 97796973 89742643
11719 15863891 12354698 83881158
9961 12953502 30267448 3411526
17662 102525154 102273608 78172967
349471975 5537 16
228 347785088 156794367 243868331
185 195049741 21437595 239755233
124 256274071 179211953 223347966
205 293839903 132585409 29407338
271 221316359 201110201 50949606
354 129796340 214124974 88343125
385 18630655 103803261 21099374
228 5429576 72311318 300724869
11 277944059 45338654 84010967
21 293493877 7195592 178568975
463 205049477 298774152 221534458
511 19456211 269143646 181056487
238 205730431 75983406 186298239
764 76067918 188265419 55596958
734 31622653 194433572 203917151
815 48929445 75017044 51968396
8 8 8
1 2 0 0
1 4 0 0
1 2 0 0
1 1 0 0
1 3 0 0
1 7 0 0
1 7 0 0
1 4 0 0
285442809 90271 53
1512 87206113 60893450 71986735
1423 181215410 52809335 253086219
584 89438595 129153765 185947364
261 272905987 120474995 171029376
1711 219962845 18659555 114311549
628 19860486 65048417 147460551
1457 137988443 231949405 81305439
371 138256548 246331444 73941818
374 263792311 115162897 209206196
652 214869928 280478759 51512838
662 186728654 91286110 109947327
4 169215441 57776383 215516182
1510 143717023 177223621 258612168
843 274155188 223731233 17559208
1867 20491694 261641766 143268944
1709 177403309 257689788 9374775
440 121258717 130118867 17018521
537 71580277 143231971 50775447
1886 53284891 96797958 207686793
578 137187573 74792004 5517881
434 22402614 149228215 8794522
317 47362310 88552181 250333390
9 28244511 100057734 216061047
463 109425344 140451554 271863963
477 266598702 72112130 279096974
1907 128101988 4345107 262035836
1696 125123307 235864298 144200588
1711 206443471 222831871 62751315
36 249441361 98112508 238239118
1356 23177935 270114688 166424909
1714 15875813 259424399 254262720
2071 74989998 81227448 189306736
2717 231593992 184377683 133647944
609 47197103 131225916 265754409
2051 59697941 35338334 117918433
2051 263111042 212537266 111458433
2157 248886447 178515371 41943565
1611 223187195 120590895 6139566
155 80578115 162652375 55205373
1607 274077078 225200648 50963875
2951 220756490 44272591 215006345
3346 31279519 278493402 97871173
1769 43222492 262710063 225935249
2235 101021268 113934415 199282804
1654 28763565 185555753 44805974
2028 11965233 232840391 135952976
260 125986722 251535719 160807673
3819 154042611 67461848 40724126
3204 153968633 244908607 51801769
606 250735296 121931781 258654910
7682 144830783 69146891 3294519
581 41936274 96114732 228591790
15978 51798504 247275682 235651659
790390301 110503 85
301 321177542 311003553 262864165
617 410716599 504363734 112435395
1091 93458071 187935416 163718541
1298 566444138 75665687 757781677
1191 183023483 75716924 465941684
259 52117747 290380730 410749407
476 343565808 742447018 461516253
171 330843568 297182949 762982209
407 653793740 163040251 410522836
301 104349456 529510334 680798853
354 752936039 331304237 67331083
27 745604344 184254688 643183461
441 751635239 240747241 309214447
1093 276888544 389118376 642350189
599 546528456 128214514 747355157
1210 215174203 63088180 116010977
204 617191773 725297410 757483691
1420 103443770 748086923 497866851
1051 521941793 630622576 402598243
1291 508403459 409852808 139704700
760 420470203 557679460 190318938
276 6672486 472906344 283437056
417 342450187 789004995 153149847
1328 89577352 120120465 410539894
1532 217257478 54744050 119449992
1387 497536016 425996885 344419784
1444 752354268 604931426 348331405
27 529508053 343650901 608276607
1246 450738120 363475886 196891908
155 228226934 317023797 140165948
1551 22597715 451163961 761725244
190 534495145 372729124 2035084
1435 673636857 591041865 236218422
812 728169531 376239593 77518245
687 783971947 621457896 355384997
1023 138677320 692252695 385250346
548 290804023 753664386 458888604
447 674481902 369847235 731120213
267 504693077 69124029 742105823
1478 65031875 723066883 20112919
215 267252 264786409 191175671
1700 657402334 368427644 222580676
709 580214270 152740931 662903957
1165 515119625 365999389 353313761
3 305972912 74157655 387414566
744 481631879 635489244 584415777
416 69094912 335431900 218161204
478 725298717 1286535 597537689
1518 80527493 559218357 697102554
1104 444285861 752274484 138283050
843 784649372 455399514 597543887
1696 632985527 48373311 258614850
423 349114050 202099941 550050727
1188 506832251 638839212 626481279
696 128737559 15942136 509531295
290 24359924 589281915 788266956
399 315298204 400686196 386605188
1881 86411107 94872512 518417210
1416 286505992 626133308 704421404
2199 413357054 270035688 250067031
820 232328899 369776532 189719237
1094 299472951 282843641 336764295
1452 562887459 82548586 395757914
403 33815270 365432839 444173301
1719 87909828 318526664 348264620
2696 729996798 708288333 708713549
951 446374532 516167330 492829072
1102 777818751 752378421 411425668
474 524026344 266736905 484340708
1009 376321898 125749188 42772272
3096 3532675 491807984 720578001
3176 514211076 511519255 626300241
2729 402462898 43592046 770560506
2669 744031029 440883695 784497152
847 185818842 564799870 220187588
3201 526152123 134611763 299560389
1440 175932240 668538736 685830334
2504 380122467 333100610 164789863
636 152613663 233838078 108603668
3286 503842886 417704554 137267321
1935 354086998 452438466 247750367
3273 383792410 102226896 471682668
1935 615243837 756849737 543339931
5771 32709303 409137178 577704751
12390 440187373 187360419 608589096
764016632 136867 36
647 624894094 599291923 611149752
1123 732299243 299008438 57959738
2860 493994244 550577825 338703866
2670 739951169 109182849 87953290
2725 21777509 494257635 50665963
799 9243250 299776032 313146090
4171 606050487 740239241 688778400
2385 550087077 621351397 262278389
1190 41446628 278654697 389634221
251 651199839 216995600 523078674
2013 455357394 199093268 692666093
3431 385125280 468343477 372512690
2962 323446302 542089942 473468331
184 92007997 47257759 50375525
2140 161927443 475821394 28224872
718 223818198 664274378 130705956
3627 381148942 139127821 169831818
3914 387585372 557199720 360596008
3661 47929071 605798655 648475324
2548 717752047 125589843 343290099
4238 277015127 688004384 101767079
3203 691594232 67366833 254998556
1858 730118771 658274574 737344307
4632 671585042 496034730 546663010
6267 438004117 297055494 330966839
5743 56465250 499382772 15185723
2353 577196149 433452888 678075056
3612 368490641 514098612 275273911
4549 518016755 409581116 541810388
4614 349879156 419910452 742086576
603 73052316 611249484 558580369
3604 398345388 701304195 419719869
2831 459523113 627509488 451452877
12322 707289269 455685447 592345664
10816 186161528 544143798 662690451
21603 232150675 56558239 321214348
622317030 164398 2
76266 182755081 1 622317014
88132 138000357 1 19
179771587 58151 4
1157 71740832 1 179771583
6185 132700816 1 179771583
18758 135167272 1 12
32051 162683625 1 179771585
876135360 152881 35
2841 87401704 346004789 770683788
2928 660734216 76430904 287585226
2723 841723831 732616462 290946757
4120 761609529 459788044 598137008
3246 567493833 13362203 179541495
154 218655362 186240558 862253319
2648 373072375 579289030 275177427
4032 281354497 860276405 792598806
375 426517005 875077138 544977011
278 308971344 309125914 394149909
4480 60097238 819349297 100441724
700 629878695 431491585 770555445
199 711344654 634579306 851956337
2413 84932762 839740546 39267118
5719 446346086 189620748 161088424
2261 676760968 23495885 358996318
1685 30557140 742640885 594088740
2003 92486805 588569916 168000979
2330 638404003 353205800 471404172
2219 419454297 697243422 219383358
6888 483124661 568640219 12319764
678 671770826 750915947 568802057
7501 854259879 286382006 221410161
4112 310049698 592009217 157492614
4797 90814033 180464323 82236736
2378 141142985 407594514 374379535
2017 334792760 394710512 264259610
3305 126728400 558365886 444093754
7876 371397749 358690713 89185609
10847 282317621 136467022 372813798
4669 392536939 39515558 518981721
5963 797077248 37711437 855017426
14298 495038177 130823433 109315228
9805 307556227 513735270 326434890
20393 432938236 691492297 441685115
814718003 64275 83
218 735766395 287608850 560532550
439 607933540 115164734 181986604
184 613255436 527063509 493670875
558 635456589 579983003 802409310
553 52422327 648430439 375850763
399 635009299 201531747 675371726
86 310188301 377597585 656691931
574 157218926 525536513 405259318
430 157534886 137875799 600641841
63 675069619 19561088 574561876
553 211753820 454945551 251674164
137 47953098 382782227 483462986
314 491984319 421897874 783577259
728 272543604 770023030 336220561
181 697168306 251566844 181980143
109 353504992 194576767 625873122
449 197724635 415035676 6859649
307 407223535 305477989 183763203
74 269053914 716472305 442391511
728 93379297 399483357 745882109
545 680672211 620527641 660975826
480 600911097 339058993 202970815
698 651186163 404304924 292475357
60 137888355 278284935 352542147
769 529284417 75180224 735933866
240 145515782 802502272 491616739
670 466931994 519327047 755311134
440 795400965 361063330 803288397
370 691799729 441354829 715954236
844 674281395 411490259 175343586
466 298877551 375562498 568427604
138 717088271 546479176 612505738
639 88059877 562658147 238355687
20 694455436 19617334 27874912
182 111307805 587723778 170427288
1030 757252635 370511901 197455923
543 332462889 14729530 139212150
839 161628815 520433213 272365304
673 378599774 126595551 325922963
215 771786717 323171968 496688730
900 481143123 384608198 525478795
781 349542469 433570191 714049140
240 788832038 631380441 728746760
550 324202490 358808019 691341668
285 767136177 445497801 207702631
944 615894927 616123785 583936986
625 517918071 619765582 509454246
58 396512277 260127924 66134667
128 776000422 454120221 765410901
295 663063773 255995361 802306986
269 591488449 675388647 776568982
1141 199042166 766873226 751040960
85 358717661 434013058 376492446
75 419445244 15238666 810311334
1117 658574236 237615970 371573516
973 50206958 136727263 149874867
784 699744079 516442841 571922718
870 759322443 550263719 247644766
973 411012695 230127631 397912292
560 391722731 247354971 803546490
41 736326595 447103015 154354907
1208 465453821 246152332 313072835
1147 804064145 61807 23334536
1282 628759595 631363740 271071296
588 487509108 316804728 628168474
469 814381301 173519125 167124106
1631 597911987 720293320 3176633
457 281039413 574872185 264474144
475 166757076 97897247 374808038
1833 591643875 380571757 408586461
267 411544965 491054106 718342023
1392 258042049 618151704 787685992
371 463226889 495271583 446029326
120 200209945 427988039 621971256
585 451442072 516297526 244602798
1647 778234372 102733666 218795939
1303 496157096 442944160 176570231
414 726594731 134751061 558609277
918 469356293 650071647 343690461
292 344700256 781744509 438525785
1487 569771167 598840776 64032401
437 478069141 717580193 740029264
17313 89931066 378379213 33117247
761421648 43285 70
525 408634162 495614453 62153032
518 467102297 537998871 432243526
255 458901996 426711530 629645844
612 603027492 250982479 716514035
78 629558400 228514394 630984475
495 161476958 74776524 705770103
38 155013206 668410753 500758781
351 369484024 239462948 747918622
571 53984528 578120182 510557362
524 277415411 300052790 404911509
130 439461368 520356508 99195530
120 698717985 477233169 197587800
134 171171027 117711622 229565060
45 518916195 103785091 323426766
500 232158849 529551068 470302153
410 590800098 498323471 110904483
699 217377659 47407280 428481385
530 542693759 231995897 379577634
628 611877324 21102559 114037707
452 699092885 414971505 158812891
549 278209693 109219957 97451160
181 180893146 34196563 200214023
9 102936512 161504727 212741386
366 288401640 390267933 389652376
253 160793829 483978175 701531905
129 152287808 443275742 744784226
50 314799382 391818132 275353164
570 389888474 495271644 209553965
90 468043970 278126354 599935801
132 620028902 186442582 158168784
783 665313246 278704745 606009535
523 170172328 397673958 381888692
370 117144481 282708934 537450408
140 247171083 390931752 285132141
322 450566872 333162020 168368380
44 38373154 221113105 642039223
784 709790372 696055286 431605380
771 494056354 422047411 257513372
638 358797481 438707381 625589077
792 78776738 174375088 671157764
381 49786698 281320538 642126075
327 8767455 675794473 510182544
263 497503983 468161137 527761553
250 80338557 8734771 415556720
614 422236772 473840352 422744401
695 143945408 2598950 673281828
801 252204382 229696789 325306151
247 62250569 494154650 493565749
17 256001957 280952398 412510590
256 423241622 68936267 752690310
703 5412790 616633320 330204882
1192 726228398 185591798 741207759
505 564139796 479380051 390424364
839 285116501 153316376 346486707
1084 59037959 731693329 605857405
324 746728751 400464423 524008347
396 80712950 197676281 46874435
528 131366083 257609965 534123871
638 582615970 311569065 167384457
718 590504845 499450123 177408352
1417 358044746 407326849 527397213
1607 18774695 706086104 631802813
1246 207558393 582968059 714203860
589 359785747 410854280 502381115
1450 382592727 675514142 760732741
1493 715603965 216693518 169580436
848 454177255 173737710 431935067
2098 618037247 636158061 607870789
2122 488147697 523873512 701007471
4526 459611182 313869245 259613003
779063509 113191 4
23707 477922745 1 779063498
24315 404038271 1 779063506
1100 66010173 1 779063492
64069 742530166 1 779063500
362866200 94578 5
634 192981103 1 10
12480 317303407 1 362866181
3333 280216415 1 18
32276 269968515 1 2
45855 102956473 1 19
599853541 88743 4
8136 241207889 1 599853531
13250 156905467 1 599853532
16164 324305944 1 599853522
51193 580666641 1 6
1000000000 200000 2
100000 717501337 1 999992825
100000 1337 1 7175
88628025 117453 1
117453 83136338 1 88628012
525432303 49207 30
638 300706675 343610567 75016638
321 428256954 12575475 182581862
16 431263505 173661312 115069474
1292 233120911 54512631 304679654
1423 71991451 481727001 164824255
1580 249741942 135342132 267714203
1740 486340472 15466097 522403592
1607 186087654 311513293 264876140
216 9306831 516267768 36782824
137 153036591 473176268 413029040
517 239405637 350079281 312940111
737 142160695 94432177 250039738
339 474526268 383247730 376685872
54 426077203 40837856 453422702
1089 126980822 156201146 32114850
494 503777852 487348774 222697833
298 138386248 121560155 32240233
2517 386467761 218552177 15778780
1530 184874352 273251353 433719562
2687 485035698 224863262 193040806
2149 165294761 229690034 500062492
1844 495336550 128212138 475482472
1697 292459323 49874848 164375472
3464 141339575 36589104 429250216
1391 289369584 70222223 134007895
594 388394163 354904644 279473928
2228 477878865 95087719 240458886
5087 208684797 2821333 102526754
3249 264223272 135987776 106543083
8272 119614157 428172470 302542325
