100
2 0.0008 73.0947
99.9993 71.6090
99.9994 73.0947
2 0.0004 48.7698
99.9998 47.9771
99.9996 48.8784
2 99.9996 33.8615
99.9996 37.7866
99.9992 33.8615
2 99.9993 45.0443
99.9997 44.9949
99.9991 62.7855
2 0.0004 33.3828
99.9995 3.5481
99.9994 33.3828
2 30.0000 65.4321
0.0001 50.0000
100.0000 99.9000
2 0.0006 78.2065
0.0005 2.1138
0.0005 78.6458
2 100.0000 65.1587
99.9999 65.1586
0.0001 65.1587
2 100.0000 88.3984
0.0001 88.3983
99.9999 88.3984
2 0.0003 96.5391
99.9995 29.0790
99.9996 96.8891
2 99.9995 35.0047
0.0003 82.6930
50.0654 34.9600
2 0.0002 4.0769
99.9992 6.0607
0.0007 4.0769
2 99.9993 56.9674
99.9994 85.0301
77.1014 28.9046
2 0.0008 74.2947
0.0005 60.8750
99.9999 87.7144
2 0.0004 59.5566
99.9997 62.6765
99.9998 56.4367
2 99.9999 21.9595
99.9992 21.9341
0.0009 34.9532
2 100.0000 75.6127
70.0263 75.6127
27.0364 27.7990
2 22.3164 64.3287
0.0002 64.3287
0.0001 64.3287
2 100.0000 26.0333
99.9993 67.8368
99.9998 26.0333
2 99.9993 64.5906
99.9991 76.1169
99.9994 53.0643
1 72.3043 99.9000
92.5132 99.9000
2 0.0008 17.2079
0.0009 22.0282
0.0002 17.2079
1 54.6385 0.5175
57.2244 25.0750
2 26.4717 90.1735
99.9995 90.1735
0.0007 90.9452
2 0.0001 0.1001
0.0001 0.1003
0.0001 0.1000
2 0.0005 2.8658
99.9998 2.8622
99.9997 5.5541
2 0.0008 68.2032
0.0002 68.2032
0.0004 38.3695
2 0.0001 82.6376
0.0003 82.5479
27.7614 97.1038
2 0.0008 63.2596
99.9998 78.0478
0.0010 48.4714
2 0.0007 49.0886
99.9992 38.8720
0.0009 59.3052
2 100.0000 65.1586
0.0001 65.1587
99.9999 65.1586
2 0.0005 92.8366
0.0001 93.6916
0.0009 21.6087
2 99.9994 32.1003
0.0002 32.1003
0.0009 33.2822
2 99.9992 81.8061
0.0006 13.7746
17.1786 81.8061
1 35.8645 0.1000
24.4728 0.1000
1 20.8818 68.1665
51.7458 65.5293
2 94.6393 99.9000
97.2339 41.0409
80.5962 90.8601
2 99.9992 85.3493
0.0010 3.4162
0.0010 85.3493
2 99.9995 28.7422
80.3785 0.1692
99.9999 28.7422
2 99.9997 50.8179
0.0010 74.4715
0.0010 50.8179
2 0.0004 76.4954
0.0010 76.4954
99.9999 44.1271
2 0.0003 75.8233
0.0002 80.9586
99.9995 75.8233
2 0.0003 74.7944
0.0009 74.7944
99.9997 30.3214
2 99.9999 67.3330
0.0008 67.3330
0.0007 78.8320
2 0.0003 34.0325
0.0002 37.9896
0.0006 34.0325
2 99.9990 45.0503
0.0006 7.3417
99.9994 82.7589
2 0.0010 0.1020
0.0010 75.0307
48.3477 0.1019
2 99.9993 24.5189
0.0002 24.5189
99.9990 38.1898
2 99.4808 76.9326
99.9999 76.9326
100.0000 76.9326
2 0.0003 44.4090
99.9990 36.1654
0.0003 44.6053
2 0.0001 71.2429
72.7374 71.2429
0.0010 67.4994
2 99.9999 11.5556
0.0002 71.2374
29.7673 11.5556
2 12.8629 66.1780
63.4921 66.1780
75.5780 66.1780
2 0.0006 62.2225
99.9997 62.2235
26.1041 81.7940
2 0.0001 37.3575
4.8138 31.8310
49.0887 42.8841
2 99.9997 52.0344
0.0002 25.6533
0.0004 78.4154
2 99.9995 95.7951
0.0010 96.5965
0.0006 46.7377
2 0.0010 29.6331
75.5927 29.6331
99.9997 40.4816
2 0.0001 77.2831
0.0001 97.3911
0.0001 57.1751
2 28.1953 66.4491
0.0002 66.4491
0.0001 66.4491
1 86.2134 0.1000
72.6072 98.4540
2 99.9998 21.0734
81.4989 15.4618
99.9999 21.0734
2 99.9998 44.9488
0.0006 1.6677
99.9997 44.9488
2 99.9991 44.3653
0.0002 44.3105
0.0010 99.6503
1 96.1366 4.6198
14.1296 4.6198
2 87.2540 87.5875
83.6183 71.3062
9.9040 87.5867
2 79.4586 78.5309
100.0000 78.5309
99.9999 78.5309
2 0.0007 62.7069
99.9993 99.8301
0.0006 62.6304
2 0.0005 56.6366
0.0001 37.5831
0.0004 75.6901
2 66.2108 6.2341
98.6168 6.1585
25.5493 6.5261
2 99.9993 38.7476
99.9997 24.7043
0.0010 38.7476
2 59.1081 96.8236
85.9566 98.5488
45.9915 93.5993
1 96.3181 97.7169
45.6084 17.6832
2 99.9995 55.9754
99.9996 27.2302
99.9990 56.2566
2 99.9993 14.3809
0.0002 34.5579
82.4158 14.3809
2 99.9992 80.1532
0.0003 80.3293
18.3418 42.1751
2 0.0002 55.3922
0.0010 55.3273
0.0009 57.7672
1 10.0000 50.0000
0.2000 50.0000
2 99.9997 44.0600
99.9997 19.0790
0.0011 44.4015
2 0.0001 0.1000
0.0001 0.1002
0.0001 0.1001
2 100.0000 88.3983
0.0001 88.3983
99.9999 88.3984
2 99.9995 42.1660
0.0008 5.8547
96.1477 42.1660
2 0.0004 27.1808
92.1614 27.3371
0.0008 17.4055
2 99.9991 52.1067
99.9999 79.6634
0.0008 24.5499
2 0.0006 92.6038
99.9994 33.8188
99.9999 92.6038
2 0.0009 87.0349
0.0008 31.6930
99.9996 87.8433
1 70.6817 74.9463
50.3994 74.9473
2 96.6776 24.3158
10.8918 24.3169
30.1543 51.1304
2 99.9995 98.5258
0.0004 98.5258
99.9997 28.3299
2 100.0000 35.7174
51.5925 66.1143
39.9190 5.3205
2 99.9995 28.8118
99.9991 12.9732
99.9996 28.9756
2 99.9991 21.7315
0.0010 21.7315
99.9998 61.1196
2 5.0000 99.9000
30.0000 99.8999
20.0000 99.7000
2 0.0009 40.8611
99.9993 40.8611
99.9996 52.4527
2 0.0004 32.9594
83.5913 32.9594
0.0007 16.4380
2 57.8709 32.2921
64.4433 84.2220
82.2025 94.7850
2 8.6962 50.7129
44.4680 66.0733
28.5406 66.0733
2 99.9993 98.3138
99.9997 72.9950
99.9996 98.3138
2 0.0005 98.5425
0.0001 98.5421
0.0005 75.1314
2 0.0002 72.2490
0.0006 72.2490
99.9993 99.6293
