100
2 99.9997 22.0867
99.9999 87.2077
0.0007 22.0867
2 99.9995 25.2462
99.9995 6.7264
99.9993 25.2462
2 75.4378 58.0779
68.7580 18.6222
4.9446 80.2639
2 99.9998 22.6041
0.0004 74.8623
0.0008 22.6041
1 47.3853 0.1000
15.7099 0.1000
2 0.0002 64.1835
99.9996 83.2086
99.9991 64.1123
2 99.9999 64.8727
0.0005 97.7445
99.9994 32.0009
2 0.0003 20.4614
0.0002 82.5338
99.9991 20.4385
2 99.9991 81.1272
0.0007 71.2587
99.9990 90.9956
2 99.9996 56.7547
0.0009 50.7172
0.0006 62.7922
2 88.4200 96.4924
0.0010 96.4235
99.9998 96.4924
2 0.0006 52.2986
99.9998 41.3052
0.0002 63.2921
2 0.0005 8.1389
99.9994 8.1276
0.0005 86.3479
2 59.1081 96.8236
85.9566 98.5488
45.9915 93.5993
2 99.9995 28.7422
80.3785 0.1692
99.9999 28.7422
2 0.0010 67.6837
0.0009 16.8609
0.0005 68.0949
2 0.0001 0.1000
0.0001 0.1002
0.0001 0.1001
2 0.0007 68.6596
0.0008 64.8692
0.0005 68.6596
2 99.9998 44.9488
0.0006 1.6677
99.9997 44.9488
2 99.9999 99.5097
0.0010 99.5093
0.0006 14.8862
2 76.9963 34.8119
0.0002 34.8119
0.0001 34.8119
2 99.9993 73.0864
0.0009 72.9967
0.0011 79.0693
2 89.4543 11.6509
98.1606 85.4440
2.4719 38.8937
2 78.0406 9.1329
11.9285 9.1329
74.9019 9.1329
2 0.0008 11.6003
99.9996 23.2044
0.0011 11.6003
1 11.1706 25.4665
59.0032 67.6545
2 99.9991 35.2227
99.9999 16.7386
0.0008 35.2227
2 0.0004 51.6161
99.9996 26.0911
99.9995 77.1410
2 0.0001 77.2831
0.0001 97.3911
0.0001 57.1751
2 100.0000 40.3486
61.1372 25.0613
30.9947 55.6359
2 0.0006 46.0365
0.0005 30.5676
0.0008 46.0365
2 100.0000 64.1220
52.2297 83.5651
25.3857 44.6789
2 30.0000 65.4321
0.0001 50.0000
100.0000 99.9000
2 0.0003 74.2158
99.9995 74.2158
99.9990 47.9164
2 68.0618 0.1000
64.6640 37.6870
19.5076 80.5453
2 90.9600 70.4410
60.9910 17.7113
29.0637 70.4405
2 100.0000 75.6127
70.0263 75.6127
27.0364 27.7990
2 100.0000 65.1587
99.9999 65.1586
0.0001 65.1587
2 0.0001 0.1001
0.0001 0.1003
0.0001 0.1000
2 0.0005 69.5952
99.9994 87.4842
0.0010 69.5962
2 0.0006 29.3716
99.9992 27.4707
0.0004 29.3716
2 0.0008 68.0788
99.9993 68.0788
99.9993 98.7091
1 65.1578 0.1000
24.6824 0.1000
2 85.3321 0.7106
56.7310 36.3117
80.3915 36.3117
2 100.0000 88.3984
0.0001 88.3983
99.9999 88.3984
2 0.0002 36.5200
0.0008 36.5200
99.9994 37.3022
2 0.0007 20.9148
99.9999 20.9148
0.0008 61.8733
2 0.0006 93.7661
0.0006 93.7661
100.0000 77.9483
2 0.0004 24.7456
0.0009 24.7113
0.0004 54.7643
2 100.0000 53.2044
99.9991 53.1451
0.0006 98.3948
2 0.0009 55.9504
99.9999 27.6087
67.2586 56.1414
1 61.7242 99.9000
18.0053 99.9000
2 99.9994 92.1684
0.0010 23.6609
61.3267 92.1684
1 40.9040 66.2952
1.6376 66.2952
2 99.9995 99.3258
99.9992 55.5311
0.0011 99.4678
2 99.4808 76.9326
99.9999 76.9326
100.0000 76.9326
2 100.0000 65.1586
0.0001 65.1587
99.9999 65.1586
2 99.9991 71.7221
99.9994 41.2100
0.0002 71.7221
2 5.0000 99.9000
30.0000 99.8999
20.0000 99.7000
2 100.0000 19.4201
99.9995 19.3974
99.9994 75.6530
1 20.5771 77.8627
61.9279 77.8627
2 0.0003 38.9236
0.0004 99.5309
0.0002 38.9236
2 99.9991 62.2847
0.0008 65.5146
16.3328 62.2847
2 99.9997 48.4671
100.0000 48.6962
99.9996 48.0882
2 0.0006 83.4381
99.9999 20.7835
100.0000 84.1754
2 0.0008 15.9367
0.0003 9.9657
99.9993 16.0408
2 99.9991 92.5556
0.0001 92.5556
0.0009 2.1702
2 0.0002 91.2222
99.9999 33.6329
99.9994 91.2222
2 0.0010 1.7262
100.0000 1.7242
99.9993 84.6243
2 58.0846 98.2443
87.7915 98.2453
48.0653 99.3884
2 0.0007 82.0528
99.9993 66.5575
99.9996 97.5480
2 99.9994 94.8531
99.9990 95.7854
0.0003 85.3815
2 0.0008 50.9847
99.9992 29.3800
0.0006 72.5894
2 99.9991 63.6943
99.9999 58.8364
3.8752 63.6943
2 99.9995 50.5868
0.0004 50.5868
0.0007 42.8683
2 0.0001 43.4774
33.5216 60.4504
93.5449 26.5044
2 0.0005 50.7606
0.0005 50.7606
2.9041 63.3746
2 99.9993 59.9202
99.9998 60.4104
99.9999 59.4300
2 99.9998 19.3830
0.0010 19.3623
99.9994 90.2748
2 99.9992 46.5330
0.0004 77.6232
0.0006 46.5330
2 0.0002 52.4831
99.9996 52.4831
99.9997 75.5359
2 100.0000 88.3983
0.0001 88.3983
99.9999 88.3984
2 94.9089 92.8222
99.9999 92.8222
100.0000 92.8222
1 84.1683 30.8597
61.3601 23.2328
2 81.1875 46.8117
100.0000 46.8117
99.9999 46.8117
2 99.9998 18.1221
17.4401 98.6112
99.9996 18.1221
2 0.0006 22.3677
0.0008 22.3677
0.0002 55.3474
2 0.0011 43.1783
0.0010 43.1783
0.0006 28.2135
2 99.9992 30.6188
99.9994 60.9167
99.9991 30.6188
2 0.0007 23.6639
0.0006 42.2209
0.0007 5.1068
2 99.9996 34.9409
0.0003 34.9995
0.0005 23.5746
1 83.7682 99.9000
95.6573 81.6702
2 0.0006 83.7433
22.4616 83.7433
100.0000 78.3371
1 10.0000 50.0000
0.2000 50.0000
2 0.0003 39.1864
0.0005 39.3290
0.0005 37.8957
2 99.9993 11.7702
99.9996 8.2199
99.9998 11.7702
2 22.2540 6.2234
82.3782 9.0796
70.1075 2.8673
1 88.3973 27.1549
35.8052 27.1542
2 0.0006 73.2499
0.0003 53.2016
99.9991 73.2499
2 0.0005 73.6177
0.0002 35.3050
39.4013 73.6177
