100
1066 107 0.747440970243992
1605 59 0.9703595563534154
3000 39 0.6214264176481694
2 1 0.5
773 32 0.8304975390521487
2293 118 0.624152643324636
3000 94 0.8689874881448595
591 60 0.8373710530917882
108 5 0.8271332798371511
346 7 0.9773631934367102
262 24 0.5130756742736771
2845 274 0.7522016062890933
2729 17 0.8468731878912232
3000 121 0.9980522144494091
2513 82 0.7190413767154964
1231 15 0.7633584563147728
2667 115 0.9469069817807606
235 2 0.7012777925325819
2309 74 0.7641546125066072
814 42 0.9383878624181936
3000 125 0.919826528587413
10 5 0.9
2582 134 0.6374763026733724
3000 2462 0.9151227339986332
1818 125 0.6048252935337965
2046 179 0.8544980648147233
1655 148 0.5237605880692013
259 20 0.9027891281907592
2167 64 0.5224150974962971
682 23 0.9634020362599387
2972 236 0.9681945885298201
3000 1235 0.9966125411381052
1218 87 0.8521275363639057
483 24 0.5078630507101312
3000 62 0.54049556192781
170 8 0.6319017675821561
2814 234 0.8343831982326997
3000 50 0.123
2954 201 0.8093447431034444
1788 21 0.7971498830069721
3000 50 0.987
890 35 0.6280920718241658
710 32 0.9569925210959231
3000 132 0.9234418745440136
1293 113 0.6187073403897735
10 12 0.5
1191 14 0.6744422443872335
1836 8 0.5844578504948079
2 1 0.4
10 5 0.1
2742 61 0.9532570462552223
1304 1 0.8642500034123509
3000 135 0.5511401553868309
558 46 0.6810346336176656
1832 60 0.7104413388525446
3000 835 0.9304641233983514
1784 105 0.5553988018698346
3000 27 0.8186760818824159
806 56 0.8323959073066151
1876 65 0.6203153429160364
1971 122 0.5030351273491478
467 14 0.7555536782304715
580 40 0.5323848799892076
3000 43 0.8371587587474507
2237 181 0.5775766142450773
1682 136 0.7030610245850939
1878 46 0.6060101128687421
3000 1757 0.9670775954951097
2220 14 0.5802514048791076
3000 68 0.883581865722848
1280 117 0.5756631581713177
969 31 0.7958496863394642
1548 133 0.8113304831177826
2874 131 0.6245475590333761
1616 156 0.7174120700693225
3000 6 0.6128288993437406
747 28 0.9538328956962521
1334 9 0.7119732369798495
2394 162 0.8883575665733285
3000 854 0.9720202238293681
2235 25 0.7290788614575996
3000 148 0.9286954412715177
2525 168 0.5694034908918753
3000 160 0.6579502846146681
1 1 0.4
486 47 0.6088001256743635
2593 64 0.6793761084870839
465 7 0.6828222147105694
1483 11 0.7629894166599458
1184 27 0.6956822204418869
3000 48 0.815240333295067
1709 125 0.9251580120777659
943 60 0.6325101268966185
225 2 0.6780451225162889
2268 131 0.7443404245517564
1824 108 0.8439018948734911
3000 195 0.8184633788266845
2759 75 0.5074001280762053
1 2 0.4
2489 16 0.9885322284756226
