2147484313
2147484874
2147484420
2147484616
2147484042
2147485356
2147484181
2147484647
2147484374
2147484110
2147483988
2147484661
2147484318
2147484062
2147485422
2147485350
2147485184
2147485066
2147484598
2147484953
2147484952
2147485740
2147484790
2147485914
2147485704
2147485600
2147484966
2147484789
2147484144
2147485983
2147484804
2147485527
2147484359
2147483964
2147484758
2147484411
2147484778
2147484899
2147485578
2147485725
2147485957
2147485385
2147485222
2147485353
2147484639
2147485108
2147484673
2147484451
2147485038
2147485207
2147484041
2147484716
2147484078
2147484086
2147485525
2147486011
2147486018
2147484872
2147485922
2147484084
2147485501
2147484907
2147485414
2147484365
2147485338
2147485037
2147485681
2147485890
2147485808
2147485989
2147485787
2147486044
2147485309
2147485496
2147485438
2147485479
2147484375
2147484415
2147485552
2147486013
2147485930
2147485789
2147485609
2147486050
2147484357
2147484593
2147485470
2147485621
2147484043
2147485009
2147485518
2147484888
2147484390
2147485644
2147486003
2147485666
2147485601
2147485971
2147485395
2147485824
2147485751
2147485842
2147485851
2147485960
2147484749
2147485935
2147485042
2147484717
2147484406
2147484938
2147484727
2147485592
2147484295
2147485021
2147485529
2147485131
2147485500
2147484988
2147485216
2147485257
2147484250
2147485358
2147484627
2147484432
2147484735
2147485290
2147484003
2147485118
2147485036
2147484157
2147485164
2147484182
2147485312
2147484088
2147484628
2147485488
2147484393
2147485551
2147484397
2147486046
2147485794
2147484933
2147484045
2147484179
2147485543
2147484652
2147484798
2147485834
2147485861
2147485318
2147485298
2147484704
2147484185
2147484875
2147485618
2147484121
2147485624
2147484890
2147485667
2147485791
2147485193
2147485399
2147484213
2147484083
2147484922
2147484102
2147484629
2147485166
2147485259
2147484942
2147484997
2147485420
2147484162
2147485367
2147484702
2147484130
2147485004
2147485408
2147484761
2147484268
2147485365
2147485968
2147485716
2147484948
2147484826
2147484155
2147485228
2147484166
2147484765
2147484119
2147484002
2147484289
2147485503
2147485199
2147485564
2147484187
2147484573
2147486043
2147485774
2147485650
2147485847
2147485835
2147484216
2147484980
2147485033
2147484379
2147486010
2147484427
2147484160
2147484098
2147484936
2147484857
2147485224
2147484715
2147485439
2147484044
2147485126
2147484977
2147484796
2147485284
2147484606
2147485359
2147484239
2147485035
2147484895
2147485838
2147485753
2147485665
2147485047
2147484419
2147484650
2147485410
2147485280
2147484873
2147485362
2147485357
2147484029
2147484993
2147484163
2147484127
2147485281
2147484791
2147485697
2147485611
2147485744
2147485580
2147484005
2147485098
2147484066
2147485242
2147484240
2147485559
2147485953
2147485181
2147484823
2147484331
2147485533
2147484198
2147484575
2147485109
2147485586
2147484691
2147484725
2147484885
2147484441
2147485347
2147484425
2147484905
2147485039
2147484937
2147484429
2147485460
2147484147
2147485202
2147484659
2147484391
2147485208
2147485779
2147484344
2147484068
2147484660
2147484236
2147485521
2147484603
2147485282
2147484586
2147485062
2147484257
2147485707
2147485323
2147484944
2147484435
2147484328
2147484768
2147485123
2147484866
2147485380
2147484805
2147485230
2147484649
2147485849
2147485177
2147484879
2147485612
2147485714
2147485593
2147485915
2147485599
2147485990
2147485712
2147484090
2147485421
2147485495
2147485772
2147485575
2147484339
2147484020
2147484000
2147484402
2147485761
2147485958
2147485693
2147484641
2147484739
2147484878
2147484015
2147485807
2147485577
2147484380
2147484711
2147484949
2147484440
2147484655
2147485094
2147485778
2147486014
2147485993
2147484135
2147485486
2147485718
2147485165
2147485375
2147485221
2147485388
2147485491
2147485542
2147485128
2147485144
2147484904
2147484974
2147485103
2147485156
2147485816
2147485947
2147485959
2147485389
2147484887
2147485377
2147484256
2147484822
2147484403
2147484131
2147486029
2147485690
2147485888
2147485845
2147485874
2147485810
2147485934
2147485864
2147485980
2147485805
2147484158
2147485519
2147484304
2147484067
2147485095
2147484085
2147485614
2147484012
2147484183
2147485505
2147484280
2147485946
2147485715
2147485770
2147486060
2147485397
2147484449
2147484698
2147484581
2147484320
2147486030
2147485567
2147484235
2147485531
2147483962
2147486032
2147485897
2147485305
2147485466
2147485129
2147485253
2147484877
2147485029
2147484048
2147486037
2147485553
2147484813
2147484998
2147485349
2147485541
2147484437
2147485110
2147485584
2147484245
2147485918
2147483994
2147484630
2147485142
2147484960
2147485051
2147483966
2147484889
2147484025
2147485182
2147484602
2147485032
2147485411
2147484291
2147484205
2147484439
2147484217
2147485236
2147485382
2147485243
2147485413
2147484200
2147484248
2147484664
2147484350
2147484880
2147484039
2147485373
2147484150
2147484421
2147484599
2147484171
2147484760
2147484788
2147485717
2147484255
2147485844
2147484797
2147485296
2147485000
2147484241
2147484282
2147485492
2147484447
2147484410
2147484675
2147485065
2147484231
2147484301
2147484230
2147485560
2147485381
2147484413
2147485856
2147485909
2147484046
2147485041
2147484060
2147484021
2147485850
2147485869
2147485686
2147485678
2147486005
2147484689
2147484720
2147485431
2147485472
2147485462
2147484777
2147484941
2147485139
2147485162
2147484719
2147484710
2147484212
2147484114
2147484126
2147484007
2147484582
2147484340
2147485771
2147484218
2147485097
2147484969
2147485447
2147485220
2147485154
2147484286
2147485313
2147485978
2147485112
2147485330
2147485091
2147485053
2147485308
2147484249
2147485522
2147485877
2147485862
2147484444
2147484927
2147485321
2147484656
2147484728
2147484900
2147484848
2147485127
2147484773
2147485569
2147485804
2147485176
2147485314
2147485055
2147485014
2147484054
2147484434
2147485571
2147485171
2147484167
2147485100
2147484146
2147484950
2147485114
2147485043
2147484197
2147484772
2147484902
2147484430
2147484783
2147485341
2147485268
2147485272
2147485788
2147485423
2147485136
2147484609
2147485315
2147484665
2147484338
2147485428
2147484989
2147484806
2147484077
2147484750
2147485545
2147485344
2147484347
2147484855
2147484273
2147484377
2147485219
2147485075
2147485921
2147485730
2147485633
2147484001
2147484618
2147485266
2147485334
2147484584
2147485705
2147485641
2147484013
2147484428
2147484103
2147484342
2147484404
2147485006
2147484072
2147485060
2147485101
2147485234
2147485245
2147485509
2147484122
2147484151
2147484737
2147485044
2147485204
2147484999
2147484006
2147484587
2147484368
2147484742
2147485300
2147484222
2147484330
2147483993
2147485252
2147484037
2147484701
2147484991
2147484979
2147486015
2147484903
2147485149
2147484108
2147484220
2147485742
2147485859
2147485461
2147484782
2147484847
2147485607
2147485630
2147485072
2147484033
2147485150
2147484934
2147484366
2147484174
2147484117
2147484265
2147484422
2147484358
2147484634
2147484705
2147485424
2147484951
2147485557
2147485434
2147484869
2147484976
2147484759
2147484829
2147484254
2147485649
2147484307
2147484334
2147485061
2147485148
2147485699
2147485295
2147484906
2147485297
2147484305
2147484862
2147484059
2147484228
2147484026
2147485151
2147485122
2147485982
2147484178
2147484963
2147485743
2147485217
2147484724
2147485646
2147485910
2147485964
2147485401
2147484176
2147484841
2147485064
2147485417
2147484260
2147484843
2147485212
2147484373
2147483995
2147486023
2147485898
2147485942
2147486009
2147485943
2147485837
2147485857
2147484175
2147485511
2147484983
2147484669
2147484073
2147485324
2147484842
2147485517
2147484337
2147484858
2147484954
2147485896
2147485561
2147484405
2147485157
2147485143
2147483981
2147485489
2147484275
2147484920
2147485841
2147485658
2147485374
2147484426
2147484836
2147485174
2147484744
2147485152
2147484124
2147485120
2147485287
2147484913
2147485454
2147485076
2147484223
2147484011
2147485394
2147485086
2147485311
2147484646
2147484943
2147484014
2147485102
2147484799
2147485115
2147484615
2147485141
2147485121
2147484762
2147485320
2147484962
2147485499
2147484089
2147485940
2147485937
2147485688
2147485639
2147484348
2147484396
2147484438
2147484910
2147484319
2147484833
2147484105
2147484277
2147483991
2147484959
2147485487
2147485396
2147484830
2147484971
2147485288
2147484271
2147485140
2147485407
2147484747
2147484431
2147485088
2147484828
2147484687
2147484063
2147484202
2147484685
2147484623
2147485019
2147484164
2147485188
2147484722
2147485416
2147484929
2147483970
2147484648
2147484626
2147485638
2147485831
2147485710
2147484776
2147484915
2147484149
2147483985
2147485727
2147485882
2147486038
2147485683
2147485792
2147485992
2147485694
2147486031
2147485853
2147484928
2147484884
2147485455
2147485238
2147485532
2147484118
2147484706
2147484251
2147485378
2147484145
2147485556
2147484684
2147484094
2147484229
2147485998
2147485146
2147484767
2147484994
2147484080
2147485045
2147484946
2147485900
2147484009
2147485306
2147485363
2147484032
2147484394
2147484093
2147486016
2147485677
2147484143
2147485713
2147486055
2147485602
2147485967
2147484861
2147485168
2147484237
2147484196
2147485442
2147484925
2147485049
2147483968
2147485409
2147484832
2147485800
2147484329
2147485106
2147485490
2147484214
2147484109
2147484336
2147484625
2147484140
2147485068
2147484956
2147484663
2147485189
2147484743
2147485339
2147486056
2147485464
2147485387
2147484180
2147484333
2147485328
2147485868
2147485645
2147483989
2147484381
2147485450
2147485052
2147484881
2147485797
2147484795
2147485711
2147486064
2147485307
2147485426
2147484417
2147485825
2147485703
2147484690
2147484074
2147484050
2147485092
2147484851
2147485754
2147485432
2147484407
2147485585
2147485820
2147485538
2147485303
2147484081
2147484206
2147485223
2147484708
2147485046
2147485579
2147484288
2147484793
2147484252
2147485331
2147485555
2147484940
2147485515
2147485275
2147484246
2147485384
2147484092
2147485471
2147484264
2147485008
2147484968
2147484860
2147483992
2147485514
2147484351
2147485872
2147485878
2147484189
2147484632
2147485361
2147485562
2147484808
2147485783
2147485748
2147485631
2147486047
2147485798
2147485887
2147485817
2147485858
2147486045
2147485796
2147485883
2147485635
2147483974
2147485018
2147485332
2147484450
2147484678
2147485731
2147486024
2147485924
2147485634
2147484870
2147484225
2147484161
2147484912
2147484580
2147484972
2147485084
2147484935
2147484914
2147484568
2147484203
2147484677
2147485726
2147484190
2147485969
2147485986
2147485970
2147485762
2147485087
2147484774
2147484766
2147484129
2147484693
2147484620
2147484061
2147485700
2147485659
2147485741
2147485759
2147485178
2147485002
2147484035
2147484352
2147484087
2147485565
2147485289
2147485195
2147484642
2147485786
2147485780
2147485906
2147485782
2147485832
2147485345
2147484281
2147484242
2147484821
2147484700
2147485391
2147484384
2147485547
2147485130
2147484382
2147484269
2147484671
2147484053
2147484636
2147485696
2147485640
2147485337
2147484052
2147484670
2147485811
2147485962
2147484597
2147484827
2147484692
2147483975
2147483986
2147484169
2147484414
2147485173
2147484736
2147484387
2147485954
2147484019
2147484753
2147484224
2147484894
2147485674
2147484274
2147484367
2147485343
2147485536
2147485574
2147485735
2147485418
2147485187
2147485197
2147485435
2147484445
2147484412
2147485619
2147484755
2147484388
2147485001
2147484996
2147485936
2147485908
2147484757
2147484981
2147485523
2147485467
2147484683
2147485355
2147484186
2147485684
2147485235
2147485250
2147484138
2147485200
2147484345
2147483961
2147484168
2147484267
2147484448
2147485161
2147485596
2147485801
2147485756
2147484316
2147484709
2147486057
2147485723
2147485201
2147485081
2147485729
2147485873
2147485654
2147485860
2147486059
2147485456
2147484604
2147485025
2147484923
2147485403
2147484296
2147484184
2147485215
2147484891
2147485451
2147485777
2147485875
2147484165
2147484601
2147484653
2147485015
2147484621
2147485549
2147485325
2147485013
2147484571
2147486028
2147486000
2147484156
2147485425
2147485366
2147485024
2147483960
2147484395
2147483982
2147485570
2147485299
2147484838
2147484640
2147484751
2147484069
2147484455
2147484416
2147484746
2147484443
2147485839
2147485675
2147486058
2147485617
2147485903
2147485977
2147485125
2147483976
2147485249
2147484142
2147485160
2147485513
2147484378
2147485406
2147484592
2147485963
2147485317
2147485657
2147485615
2147485722
2147485828
2147484314
2147484970
2147484207
2147484662
2147484731
2147484908
2147484195
2147485138
2147484424
2147484807
2147485192
2147484707
2147485089
2147484837
2147483987
2147484311
2147485026
2147484361
2147485351
2147484982
2147485702
2147485929
2147485689
2147485231
2147484023
2147485632
2147485613
2147485976
2147484409
2147484299
2147484745
2147485233
2147484726
2147484596
2147485884
2147485672
2147485885
2147485809
2147485938
2147485768
2147485050
2147484310
2147484058
2147485895
2147486007
2147485985
2147484276
2147485283
2147485335
2147483967
2147485493
2147485011
2147485628
2147485642
2147485950
2147485732
2147484898
2147485526
2147485870
2147485576
2147485830
2147485886
2147485669
2147485412
2147484177
2147485096
2147485255
2147484159
2147484392
2147484285
2147485180
2147486049
2147484978
2147484433
2147485079
2147485364
2147484227
2147485392
2147484278
2147485516
2147485273
2147484112
2147485812
2147485945
2147485928
2147486066
2147484589
2147484576
2147485398
2147484892
2147484867
2147485933
2147485573
2147485196
2147484028
2147486062
2147485626
2147484408
2147484918
2147485379
2147485775
2147485023
2147485090
2147485608
2147484824
2147485913
2147485889
2147485813
2147484786
2147484676
2147485598
2147485709
2147484619
2147484332
2147484612
2147484327
2147485458
2147485247
2147485340
2147484300
2147484643
2147484583
2147484957
2147485795
2147486002
2147485229
2147485137
2147484608
2147483999
2147485248
2147485444
2147484754
2147484967
2147485082
2147485145
2147484018
2147484769
2147484120
2147484170
2147486041
2147485932
2147484141
2147484097
2147485360
2147485572
2147483978
2147485469
2147485975
2147485848
2147484287
2147485012
2147484815
2147484132
2147484868
2147484854
2147484065
2147484454
2147484853
2147485441
2147485687
2147484263
2147485213
2147484695
2147484633
2147484125
2147485803
2147486052
2147485430
2147484814
2147484764
2147485999
2147484610
2147484614
2147484820
2147484027
2147485819
2147486020
2147485616
2147485905
2147486008
2147485063
2147485498
2147484306
2147484051
2147484681
2147484134
2147485636
2147485920
2147486040
2147485829
2147485739
2147485067
2147485475
2147484916
2147484208
2147485537
2147484672
2147484896
2147484816
2147484321
2147485548
2147485405
2147484578
2147484781
2147485277
2147484819
2147485590
2147485746
2147484771
2147484297
2147485923
2147485814
2147485987
2147485720
2147485597
2147485610
2147485263
2147485333
2147484752
2147484818
2147485476
2147484631
2147484133
2147484574
2147485147
2147484990
2147484635
2147485203
2147484279
2147485948
2147486039
2147484840
2147484577
2147484770
2147484714
2147484049
2147484055
2147484595
2147484567
2147484883
2147484312
2147484192
2147485473
2147484401
2147484800
2147484024
2147484107
2147484846
2147484667
2147484106
2147485891
2147485582
2147485843
2147485949
2147485664
2147485760
2147485827
2147485793
2147485239
2147484607
2147483984
2147483977
2147485994
2147485823
2147484022
2147485054
2147484136
2147485240
2147485071
2147485440
2147485974
2147485310
2147485267
2147484930
2147485022
2147486035
2147485926
2147486042
2147485020
2147484362
2147484733
2147485840
2147485912
2147485917
2147485218
2147484442
2147484017
2147484308
2147485480
2147485007
2147484335
2147485190
2147484924
2147484992
2147484292
2147484864
2147484605
2147485443
2147485119
2147485078
2147484283
2147485764
2147485763
2147485733
2147485402
2147485539
2147485301
2147484104
2147484436
2147484315
2147485494
2147484741
2147484456
2147485463
2147485194
2147484723
2147484453
2147485319
2147485211
2147484040
2147485433
2147485546
2147484638
2147485724
2147485682
2147485673
2147485755
2147485927
2147485258
2147484834
2147484139
2147485135
2147484290
2147484986
2147485606
2147486004
2147485244
2147485070
2147484932
2147485799
2147484852
2147484191
2147485383
2147484247
2147484302
2147485179
2147485370
2147485680
2147485973
2147486065
2147485637
2147485627
2147485876
2147485622
2147485591
2147485484
2147484682
2147486053
2147484400
2147485278
2147485566
2147485058
2147484038
2147485540
2147484173
2147485855
2147485655
2147485721
2147485996
2147486025
2147484686
2147485784
2147485728
2147485336
2147484326
2147485465
2147483996
2147485133
2147484945
2147485550
2147485104
2147485210
2147485107
2147484070
2147485695
2147484865
2147485099
2147485955
2147485972
2147485603
2147485991
2147485342
2147485708
2147486001
2147485415
2147483973
2147485457
2147485354
2147485530
2147484111
2147485214
2147484386
2147484919
2147484383
2147485502
2147485270
2147484376
2147485183
2147484082
2147484076
2147485765
2147485894
2147486063
2147484809
2147484128
2147484226
2147485185
2147484721
2147484591
2147485749
2147485767
2147484784
2147484303
2147485554
2147485167
2147485276
2147485265
2147484680
2147485984
2147485806
2147485758
2147485459
2147484939
2147484965
2147485497
2147484624
2147484047
2147484756
2147485419
2147484201
2147485269
2147484863
2147485005
2147484172
2147484075
2147483997
2147484835
2147485111
2147484893
2147484341
2147485719
2147486033
2147484221
2147483958
2147484792
2147485826
2147485629
2147484364
2147485003
2147484372
2147484901
2147485558
2147484064
2147484096
2147484871
2147485676
2147485662
2147484389
2147485445
2147484099
2147484917
2147484812
2147484579
2147484955
2147484034
2147484262
2147484355
2147484617
2147484153
2147484091
2147484688
2147484349
2147485059
2147485322
2147485427
2147484780
2147485017
2147485209
2147484154
2147485604
2147484831
2147484825
2147485198
2147485437
2147485346
2147485264
2147485170
2147484995
2147484057
2147484258
2147484637
2147485302
2147485951
2147485901
2147485907
2147485256
2147483979
2147485016
2147484152
2147485191
2147485734
2147486012
2147485671
2147484210
2147485206
2147483998
2147484259
2147485159
2147485766
2147485919
2147485833
2147485965
2147485285
2147485404
2147485048
2147483963
2147484679
2147485080
2147484356
2147485294
2147484964
2147484926
2147485852
2147485260
2147485113
2147484674
2147484270
2147485073
2147485329
2147485175
2147484284
2147485508
2147484261
2147484886
2147485605
2147485134
2147484360
2147484622
2147485785
2147485074
2147485952
2147485956
2147485643
2147485648
2147485169
2147484398
2147484849
2147485468
2147485757
2147484987
2147484219
2147484353
2147483972
2147484215
2147485227
2147485040
2147484101
2147484323
2147485738
2147485660
2147485966
2147484272
2147485056
2147485241
2147485226
2147484779
2147485904
2147486027
2147486051
2147485931
2147485899
2147485846
2147485995
2147485802
2147485701
2147485736
2147485776
2147485836
2147485706
2147485010
2147484385
2147483957
2147484644
2147483980
2147483990
2147485030
2147484794
2147485879
2147485116
2147484729
2147484266
2147485452
2147485979
2147484569
2147484973
2147483959
2147485818
2147485747
2147485698
2147485866
2147485871
2147484123
2147485478
2147484811
2147484446
2147484785
2147485625
2147485163
2147485453
2147484199
2147484116
2147484113
2147485304
2147485512
2147484668
2147484095
2147484370
2147484115
2147483983
2147484399
2147484947
2147485867
2147485911
2147485863
2147485124
2147484209
2147484740
2147485737
2147485237
2147484666
2147484839
2147484921
2147485251
2147484696
2147484010
2147485656
2147485594
2147485679
2147485752
2147484748
2147485105
2147485781
2147485390
2147484148
2147484343
2147485534
2147484775
2147484909
2147485925
2147485588
2147485865
2147485997
2147485769
2147485691
2147483965
2147484056
2147486022
2147486021
2147485944
2147484243
2147484324
2147484810
2147484233
2147484718
2147485563
2147484452
2147485520
2147484238
2147484856
2147484585
2147485279
2147484859
2147485524
2147485057
2147485400
2147485271
2147484298
2147485386
2147485393
2147484293
2147484734
2147484325
2147485352
2147484961
2147485326
2147485031
2147485535
2147484204
2147485262
2147485155
2147485286
2147484732
2147485225
2147484036
2147484897
2147485261
2147485507
2147485988
2147484611
2147484713
2147484079
2147484188
2147485941
2147485620
2147485854
2147484738
2147485477
2147485506
2147484008
2147485482
2147485446
2147484588
2147485376
2147484712
2147484354
2147485881
2147485670
2147485668
2147485316
2147484322
2147484369
2147485372
2147485368
2147486036
2147485902
2147484651
2147485172
2147485880
2147485745
2147484194
2147484211
2147485186
2147485034
2147484657
2147485815
2147484294
2147484572
2147485581
2147485274
2147484100
2147485254
2147485647
2147485589
2147486054
2147485692
2147485652
2147484253
2147484137
2147484984
2147484730
2147484802
2147484817
2147485291
2147485510
2147484371
2147484699
2147484787
2147484694
2147484850
2147484985
2147484975
2147484244
2147485544
2147484423
2147485132
2147485069
2147485327
2147485093
2147484309
2147485916
2147485892
2147485587
2147484346
2147484697
2147485504
2147485027
2147485483
2147485822
2147485292
2147484016
2147484654
2147484845
2147484844
2147486026
2147484031
2147484958
2147485232
2147483969
2147484801
2147485246
2147485750
2147486034
2147485961
2147485293
2147485474
2147484703
2147484911
2147484658
2147484803
2147483971
2147485085
2147485153
2147484613
2147485661
2147486017
2147485623
2147485651
2147485685
2147485077
2147485429
2147485205
2147484882
2147485158
2147484363
2147485117
2147484570
2147485568
2147485773
2147485981
2147484645
2147485485
2147484193
2147486061
2147485583
2147485821
2147486006
2147485369
2147485028
2147484876
2147484600
2147484594
2147485436
2147485481
2147484232
2147484931
2147484317
2147484071
2147485348
2147485449
2147485371
2147484234
2147484418
2147484763
2147485653
2147485595
2147486048
2147486019
2147485939
2147484590
2147485528
2147485448
2147485083
2147484030
2147484004
2147485663
2147485893
2147485790