500
4 4 2
2 2
4 2
2 3
105 191 2
21 189
19 79
52 22
226 209 2
148 7
177 8
222 185
3 23 2
2 20
2 21
1 2
158 3 2
157 1
149 2
34 2
168 242 2
55 111
70 57
22 187
68 37 2
26 6
48 36
37 30
3 3 1
1 1
2 2
256 16 2
24 14
88 12
19 12
174 93 2
18 43
173 13
40 22
256 24 2
75 4
54 13
252 23
285 209 2
182 20
125 50
228 189
3 34 2
1 8
2 22
3 16
140 246 2
54 109
56 65
93 52
3 3 2
1 2
2 3
2 1
3 3 2
1 3
2 3
3 2
252 3 2
44 1
231 1
8 2
4 3 2
1 2
4 2
1 3
89 62 2
44 62
11 21
65 45
298 187 2
61 71
42 87
92 4
298 116 2
20 54
42 64
181 36
3 82 2
1 80
2 68
2 54
296 231 2
220 166
98 17
194 46
3 4 2
3 2
1 2
2 2
3 3 2
2 3
2 2
1 2
3 3 2
1 3
2 3
2 2
191 3 2
48 3
12 2
154 2
30 197 2
1 130
17 133
11 160
3 3 2
2 1
1 3
3 1
4 3 2
4 2
1 1
2 1
3 3 2
3 3
2 1
2 2
3 3 2
2 3
3 2
3 3
223 130 2
95 101
196 15
9 117
300 187 2
288 42
78 11
107 58
3 95 2
1 71
1 53
1 77
3 3 2
3 2
3 1
2 1
152 170 2
43 79
113 127
22 141
3 3 2
2 1
1 3
2 3
3 3 2
1 2
2 3
1 3
192 142 2
46 35
184 4
29 16
149 123 2
16 106
78 24
139 123
296 3 2
88 1
237 1
65 2
146 243 2
23 40
100 34
118 67
241 3 2
24 1
88 3
194 2
3 3 2
3 3
3 2
1 1
3 4 2
3 1
1 3
2 1
105 144 2
5 45
2 111
10 28
255 81 2
74 12
4 67
27 50
3 3 2
2 3
1 1
2 1
166 179 2
10 48
21 162
151 116
3 3 2
3 3
2 2
1 2
4 4 2
3 3
2 4
1 4
4 4 2
1 3
1 4
4 1
4 4 2
1 4
1 2
3 4
3 3 2
3 2
2 1
3 1
168 75 2
47 3
20 35
4 10
190 195 2
71 146
82 8
37 161
258 3 2
163 3
211 2
191 3
239 139 2
67 64
64 105
85 23
3 3 2
1 2
3 3
3 2
3 3 2
1 1
3 1
2 2
117 3 2
79 2
60 3
18 3
4 3 2
2 3
2 2
2 1
3 98 2
1 12
2 2
1 81
160 77 2
156 58
106 65
56 49
198 3 2
55 1
177 2
71 1
3 4 2
2 2
1 1
1 3
3 97 2
1 67
3 9
2 27
3 3 2
2 2
2 3
1 2
3 292 2
2 41
3 147
1 95
284 3 2
264 1
245 2
217 1
15 14 2
4 3
2 8
13 9
3 3 2
1 1
2 1
2 2
101 3 2
7 2
58 1
16 3
4 3 2
4 1
4 3
3 3
180 3 2
42 3
180 2
88 2
225 243 2
49 165
12 5
67 159
3 3 2
2 2
1 3
1 1
3 3 2
1 3
2 2
1 1
273 291 2
61 163
120 29
231 45
280 58 2
41 14
270 57
220 10
3 13 2
2 11
3 7
3 8
4 4 2
4 1
4 4
2 1
255 169 2
111 108
64 66
196 151
4 3 2
4 1
3 2
1 1
244 3 2
220 2
182 2
60 1
4 3 2
4 3
3 1
4 1
3 3 2
2 2
1 3
1 1
20 272 2
7 12
12 50
20 140
4 3 2
4 3
1 3
3 3
3 21 2
1 1
1 14
3 11
3 3 2
1 3
2 2
1 1
67 25 2
32 10
66 3
21 18
49 41 2
5 31
41 41
39 23
64 245 2
5 28
17 9
22 240
4 4 2
1 3
1 1
2 1
4 4 2
3 1
2 4
4 2
44 170 2
9 42
25 61
42 46
4 4 2
1 3
3 2
2 4
299 3 2
9 2
217 2
138 2
4 4 2
1 1
3 4
4 4
3 4 2
1 4
3 2
2 3
281 89 2
81 84
20 88
280 52
290 279 2
170 194
45 3
137 190
160 224 2
142 112
129 40
64 100
3 3 2
3 2
3 1
1 3
220 111 2
190 102
204 7
15 74
266 280 1
136 193
86 138
231 3 2
50 3
212 2
116 3
239 96 2
163 43
97 71
186 81
269 253 2
106 93
132 204
151 246
96 214 2
32 213
24 75
26 168
281 3 2
104 3
271 3
40 3
3 4 2
2 2
3 4
1 4
3 3 2
1 1
3 3
1 3
32 3 2
3 3
8 2
9 1
87 217 2
62 179
38 213
35 19
3 4 2
1 4
1 3
3 4
174 120 2
62 54
85 117
57 9
31 224 2
27 151
13 176
31 74
3 3 2
3 1
2 3
3 3
53 220 2
34 30
38 1
3 7
55 53 2
48 42
39 31
29 10
4 3 2
4 3
2 3
1 2
297 3 2
153 2
222 3
27 1
250 169 2
74 30
35 60
115 56
4 4 2
1 2
4 4
3 1
3 191 2
3 184
2 46
1 113
4 3 2
1 2
3 2
1 1
281 248 2
220 171
278 11
173 26
32 233 2
20 29
4 47
23 28
140 38 2
96 34
11 3
128 13
225 16 2
93 10
34 5
146 5
3 3 2
3 2
1 1
2 3
5 127 2
3 33
4 37
5 79
4 3 2
4 3
1 1
3 1
9 238 2
8 156
5 230
4 8
4 4 2
4 2
3 3
4 1
3 3 2
1 3
3 2
2 1
134 195 2
95 91
74 21
55 111
259 179 2
141 162
185 106
101 127
3 3 2
1 2
2 3
2 2
242 173 2
210 29
94 76
144 64
3 257 2
1 233
1 11
1 17
117 151 2
43 73
58 60
113 97
3 3 2
2 2
2 3
1 3
3 3 2
2 1
1 3
2 3
3 3 2
3 3
3 1
1 3
4 4 2
4 3
1 3
2 3
299 54 2
163 31
161 22
293 53
3 102 2
2 75
3 32
1 100
3 3 2
1 1
2 2
1 2
4 3 2
1 2
4 1
2 1
100 197 2
9 189
63 138
11 143
3 3 2
2 3
2 2
2 1
216 190 2
193 109
135 116
15 62
4 3 2
3 1
1 1
3 3
217 9 2
213 5
194 9
114 4
3 3 2
3 3
3 2
2 2
236 34 2
113 25
18 8
72 34
3 3 2
3 2
2 3
2 2
269 247 2
163 26
121 23
61 247
3 4 2
3 2
2 4
1 3
3 3 2
3 1
2 1
3 2
230 13 2
26 12
137 13
100 7
3 3 2
3 1
2 3
1 3
4 4 2
1 2
3 1
4 3
19 3 2
10 2
1 1
2 2
3 3 2
1 2
3 1
3 2
3 3 2
3 2
1 2
3 3
4 4 2
3 2
3 4
1 3
3 4 2
3 1
2 1
1 3
4 3 2
2 3
2 1
2 2
124 169 2
5 117
11 142
67 122
3 4 2
1 4
3 4
3 1
3 3 2
3 2
1 2
2 1
3 3 2
1 1
1 3
3 1
4 4 2
1 1
4 4
2 2
3 10 2
2 10
1 9
3 9
72 300 2
38 228
56 46
44 66
4 4 2
4 2
2 1
3 4
4 4 2
1 3
4 4
2 4
3 90 2
2 32
3 52
3 31
269 3 2
68 3
28 3
76 3
3 3 2
3 3
2 2
2 3
3 3 2
3 1
2 3
1 2
126 3 2
47 1
42 3
62 3
236 237 2
120 68
149 127
232 6
245 3 2
69 2
231 2
54 2
199 288 2
190 109
125 55
178 116
4 4 2
3 2
4 2
2 2
268 125 2
95 43
133 87
178 56
4 4 2
3 3
2 4
2 2
4 4 2
1 2
4 3
2 1
252 169 2
248 79
134 133
158 63
4 3 2
4 3
1 3
2 3
4 4 2
4 2
4 4
2 4
3 3 2
2 1
2 2
3 2
31 196 2
11 191
11 166
27 6
20 3 2
4 1
17 2
8 2
55 4 2
27 3
37 4
35 2
41 3 2
24 1
36 1
21 1
219 144 2
184 18
211 138
115 95
77 272 2
36 53
17 129
45 166
3 3 2
1 3
3 2
1 1
3 4 2
2 4
1 2
3 3
3 3 2
2 2
3 1
1 2
3 296 2
1 145
1 287
1 100
4 4 2
2 3
2 2
4 1
3 276 2
2 102
2 208
2 128
101 3 2
33 3
15 3
23 1
3 3 2
3 1
2 1
1 1
4 4 2
4 2
1 4
4 3
104 3 2
47 1
64 2
79 1
22 3 2
15 2
22 2
19 3
4 4 2
2 3
3 4
4 2
3 3 1
1 1
2 2
3 3 2
2 2
3 2
2 3
50 3 2
18 1
4 3
15 3
300 5 2
2 3
15 2
300 5
4 3 2
4 2
3 3
3 2
4 4 2
3 4
2 1
3 1
3 3 2
1 1
2 1
3 2
3 23 2
2 7
2 2
3 9
3 4 2
3 1
3 4
2 2
4 4 2
4 2
2 1
1 2
3 120 2
3 114
2 58
3 26
3 3 2
3 1
2 3
1 1
3 3 2
1 1
3 1
1 2
31 296 2
10 119
5 234
6 72
3 120 2
1 3
2 12
1 34
228 70 2
119 56
87 32
70 27
98 150 2
76 63
53 137
87 101
291 211 2
208 67
155 167
81 199
88 83 2
66 62
69 43
25 57
300 159 2
179 36
248 13
57 26
14 288 2
4 154
2 217
12 141
3 3 2
3 1
1 3
2 1
3 53 2
1 31
2 42
1 23
4 4 2
3 4
1 3
3 2
111 3 2
6 1
2 1
33 2
29 94 2
13 37
6 75
20 86
4 4 2
4 4
2 2
4 2
3 4 2
2 1
2 2
1 2
3 3 2
1 3
3 3
2 2
67 25 2
32 10
66 3
21 18
242 112 2
199 104
223 111
187 1
4 4 2
4 4
1 1
3 3
196 103 2
55 12
31 70
68 53
20 225 2
20 127
4 90
13 130
147 3 2
15 2
38 3
120 1
3 4 2
3 4
1 2
2 2
243 3 2
178 2
212 3
233 3
3 3 2
1 1
3 3
2 2
19 3 2
4 3
18 3
18 1
163 79 2
4 70
103 51
107 64
3 3 2
2 2
1 2
1 3
12 28 2
1 22
3 1
6 1
74 3 2
3 1
62 2
27 3
142 5 2
126 5
29 1
49 2
3 3 2
3 2
1 1
2 2
182 172 2
66 86
122 155
109 94
4 3 2
2 1
3 2
4 3
48 230 2
5 227
26 141
6 110
3 3 2
3 1
3 3
1 2
3 3 2
3 2
1 1
2 1
4 4 2
4 3
3 3
3 1
300 5 2
2 3
15 2
300 5
3 3 2
1 1
3 3
1 3
3 4 2
2 3
3 2
3 1
4 4 2
4 2
2 3
2 4
141 267 2
131 38
1 215
3 95
199 286 2
57 69
65 214
7 264
3 4 2
2 3
2 1
2 2
3 261 2
2 207
1 163
1 220
4 3 2
3 2
3 3
1 1
3 95 2
2 67
3 88
1 13
3 3 2
2 3
2 2
1 1
148 210 2
16 80
70 65
148 159
261 165 2
41 95
240 143
110 149
3 3 2
1 3
2 1
3 3
3 276 2
2 25
3 99
3 19
276 3 2
246 1
145 2
41 3
163 247 2
54 21
30 203
133 149
208 273 2
115 100
153 250
187 251
4 4 2
3 2
3 1
4 2
116 180 2
88 84
50 38
29 131
248 275 2
86 128
145 122
16 19
4 3 2
4 2
3 3
2 3
135 109 2
26 108
35 44
133 76
3 187 2
2 63
1 22
2 78
3 294 2
2 133
2 29
2 136
226 3 2
23 1
182 1
6 2
153 285 2
10 36
90 263
121 210
8 8 2
8 1
8 8
1 1
68 112 2
57 26
29 89
4 100
112 155 2
52 143
92 54
51 86
3 3 2
3 3
2 1
2 2
94 26 2
29 21
61 19
22 19
4 4 2
2 4
4 1
4 3
4 3 2
4 2
1 1
3 1
5 221 2
1 141
1 4
2 49
109 3 2
37 3
79 1
96 1
24 120 2
24 101
8 73
23 13
198 3 2
7 1
50 1
103 1
17 3 2
11 2
17 3
13 3
196 284 2
166 92
88 177
39 240
223 3 2
223 2
154 3
99 3
63 165 2
45 1
26 71
34 83
3 193 2
1 69
1 37
3 181
16 294 2
12 204
9 44
16 181
82 3 2
20 3
51 3
16 3
4 4 2
1 4
4 4
2 2
193 256 2
35 122
93 50
23 99
3 3 2
1 1
2 2
3 3
3 37 2
3 29
3 35
3 4
3 3 2
3 2
1 3
1 1
3 3 2
3 1
1 2
2 2
173 44 2
143 12
80 26
129 22
226 61 2
118 38
84 50
213 36
90 185 2
3 150
83 29
35 84
243 180 2
179 64
37 44
182 52
276 3 2
161 3
177 2
89 2
241 3 2
6 2
229 3
155 3
57 235 2
36 169
31 54
29 77
4 4 2
3 2
4 1
1 3
4 4 2
1 3
3 2
3 4
4 4 2
2 3
2 4
4 3
171 80 2
95 67
32 79
160 6
4 3 2
1 1
4 3
4 1
3 274 2
3 150
2 241
3 253
3 3 2
2 3
1 1
2 2
4 3 2
2 1
3 1
2 2
260 248 2
212 121
112 198
193 141
204 268 1
4 197
14 18
3 3 2
1 3
1 2
1 1
3 4 2
1 1
3 3
2 1
3 3 2
1 3
2 3
3 1
3 3 2
2 3
3 1
1 2
111 31 2
65 15
35 4
107 5
58 3 2
6 1
16 3
38 2
3 3 2
3 1
3 2
1 2
4 3 2
2 1
1 3
2 2
176 252 1
112 136
64 175
3 173 2
3 22
2 139
2 87
4 3 2
3 3
4 1
4 3
132 100 2
130 66
65 58
62 60
4 4 2
1 4
4 4
2 2
271 14 2
54 1
252 7
34 8
4 4 2
1 2
1 3
1 4
4 4 2
3 3
2 2
1 4
214 3 2
101 2
68 3
85 2
3 3 2
2 3
2 2
3 3
3 3 2
3 1
3 2
2 2
114 3 2
14 2
40 3
37 1
65 292 2
51 78
11 228
47 191
4 3 2
3 1
3 3
4 1
3 3 2
3 2
1 1
3 3
3 3 2
2 1
3 3
1 1
3 3 2
1 1
2 3
2 1
160 111 2
5 33
22 20
82 2
4 3 2
2 2
2 3
3 2
171 234 2
58 26
69 153
83 50
3 3 2
1 1
2 1
3 3
186 263 2
90 115
175 74
38 165
3 93 2
2 9
1 51
2 53
151 28 2
78 12
102 21
4 8
31 134 2
16 26
19 122
25 46
25 65 2
5 10
6 16
7 9
3 3 2
2 2
3 3
1 3
298 3 2
101 2
276 1
259 1
176 3 2
159 3
79 3
42 3
4 3 2
3 2
4 3
1 2
3 295 2
2 275
3 128
2 162
4 4 2
1 4
1 3
3 1
94 3 2
35 3
42 1
69 2
163 44 2
147 34
52 10
91 15
90 125 2
31 64
79 107
63 117
168 4 2
124 3
144 4
29 2
254 32 2
29 17
40 5
204 24
4 3 2
4 1
3 3
2 3
4 4 2
1 2
4 1
3 4
144 241 2
52 232
42 124
90 59
3 39 2
2 13
2 24
1 13
149 7 2
41 2
121 7
117 1
3 256 2
3 162
3 208
2 250
47 3 2
46 3
2 3
36 2
156 129 1
130 26
151 5
300 300 2
1 1
1 2
2 1
3 3 2
3 2
1 3
2 2
3 33 2
3 7
1 18
2 29
4 4 2
2 2
3 1
4 4
180 3 2
75 3
1 3
112 2
166 168 2
32 44
25 139
27 129
156 123 2
16 34
19 59
132 118
283 219 2
250 155
134 128
240 19
3 4 2
3 4
2 1
3 3
3 3 2
2 1
2 2
3 1
3 3 2
2 3
1 1
2 1
108 10 1
102 9
15 10
3 3 2
1 1
2 1
3 1
3 3 2
2 1
2 2
3 3
3 132 2
3 96
3 13
3 87
7 7 2
4 4
1 7
2 7
213 177 2
200 19
72 3
98 13
3 20 2
3 18
1 11
1 5
3 3 2
3 3
1 3
1 2
3 3 2
2 3
1 3
3 2
113 3 2
31 1
42 2
91 2
4 4 2
1 2
4 3
2 2
3 106 2
3 61
1 89
1 15
46 3 2
5 2
39 3
20 1
204 116 2
158 80
18 68
122 93
3 3 2
1 2
2 1
3 1
3 10 2
2 10
1 9
3 9
3 267 2
2 189
3 88
3 150
4 4 2
4 3
2 3
2 1
180 160 2
76 144
177 64
151 55
113 162 2
87 18
90 11
69 155
71 87 2
36 44
1 87
71 1
27 222 2
16 173
14 97
2 196
3 3 2
2 3
3 3
1 3
97 274 2
70 76
62 269
85 57
3 3 2
1 1
2 2
1 2
281 213 2
137 77
222 122
210 58
4 3 2
4 2
1 1
3 2
168 157 2
27 14
154 68
46 114
3 3 2
3 2
2 3
1 1
158 34 2
135 16
61 7
66 11
296 63 2
5 30
78 47
40 32
227 3 2
138 3
72 2
86 3
3 3 2
1 3
3 2
1 2
222 107 2
187 74
94 24
176 107
3 4 2
1 2
1 3
3 4
185 196 2
66 12
152 27
32 8
3 130 2
2 1
2 91
2 8
75 212 2
29 10
7 63
14 54
4 3 2
4 1
3 2
4 3
3 3 2
3 2
1 2
2 3
3 5 2
1 1
3 2
3 1
3 3 2
2 1
1 1
1 3
188 227 2
88 218
74 176
70 79
3 294 2
2 139
2 81
2 220
4 4 2
3 2
2 1
2 2
23 3 2
3 2
8 3
21 2
68 268 2
55 11
41 165
3 94
4 3 2
2 1
4 3
3 1
3 3 2
1 2
3 2
2 3
3 3 2
1 3
2 3
3 1
219 89 2
135 21
189 14
40 33
144 3 2
89 3
100 3
129 1
197 240 2
33 66
45 42
22 50
157 66 2
122 39
54 36
28 19
168 222 1
141 222
128 5
4 4 2
4 4
3 2
3 3
300 300 2
1 1
1 3
3 1
99 3 2
18 3
75 1
20 2
3 3 2
3 1
3 3
2 1
8 8 2
8 1
8 8
1 1
296 79 2
158 66
257 62
100 19
3 3 2
3 1
3 2
2 3
277 153 2
84 34
91 93
251 14
3 25 2
2 23
3 20
2 14
90 181 2
2 132
37 21
46 131
4 3 2
4 2
1 1
4 3
4 4 2
1 1
1 2
2 3
160 149 2
75 15
76 149
22 8
33 3 2
10 2
10 1
9 3
3 3 2
3 2
2 2
2 1
228 74 2
165 60
155 6
100 47
150 202 2
28 194
28 163
23 54
136 3 2
125 1
21 3
52 2
3 3 2
1 1
1 3
3 1
158 38 2
139 32
2 9
72 27
298 35 2
61 20
83 34
66 34
3 3 2
3 2
3 3
1 3
158 63 2
43 4
33 57
88 55
168 21 2
163 10
97 9
138 21
3 3 2
1 3
3 1
1 1
69 68 2
9 23
26 16
9 44
4 4 2
1 1
2 1
4 1
4 271 2
2 236
3 168
3 89
267 136 2
100 69
55 84
242 32
71 87 2
36 44
1 87
71 1
3 3 2
3 2
2 3
1 3
285 188 2
37 170
182 88
284 169
267 141 2
37 110
151 96
107 43
268 3 2
251 2
170 2
158 3
252 39 2
250 34
195 15
208 38
4 4 2
2 3
2 4
2 1
228 3 2
65 2
112 2
207 3
3 3 2
3 2
2 2
1 1
225 249 2
178 100
129 202
130 184
3 3 2
3 3
3 1
3 2
269 210 2
151 109
24 98
149 208
4 4 2
2 1
4 1
2 2
257 294 2
117 290
188 102
74 103
184 238 2
179 45
137 177
183 9
4 3 2
1 2
3 2
3 3
3 159 2
1 116
2 89
2 101
