1000
22 54 16
48 62 3
51 46 69
11 45 87
16 96 54
79 74 13
19 87 86
38 42 11
5 85 97
47 71 80
73 81 87
79 6 30
39 43 22
55 83 24
20 60 5
82 97 70
100 1 1
55 58 79
51 34 61
11 69 57
99 99 99
34 72 48
47 66 68
76 58 19
2 1 3
32 47 87
81 88 84
4 47 5
93 81 97
32 77 66
23 7 3
24 100 35
52 58 41
61 89 91
47 52 75
97 16 13
95 29 87
69 11 77
67 68 52
84 58 8
30 60 84
31 11 98
19 32 69
100 27 67
17 78 67
2 86 38
38 6 39
65 70 12
19 67 40
6 57 10
16 88 96
0 55 55
89 8 11
60 4 61
9 3 8
54 13 86
12 55 55
85 70 9
35 68 35
73 60 73
16 15 64
12 8 16
100 89 79
34 74 94
59 60 85
5 5 86
100 39 9
49 60 88
51 22 21
13 94 70
31 30 58
69 25 52
10 19 4
44 33 42
4 57 29
19 77 72
43 9 84
97 44 64
59 78 24
20 39 43
30 65 81
40 67 34
7 68 97
60 86 100
14 59 83
36 64 15
84 71 12
56 1 93
56 91 37
34 98 65
11 5 82
9 72 95
74 13 7
90 77 46
41 58 27
44 19 7
2 59 23
33 34 86
17 43 82
81 53 85
92 55 47
28 74 83
95 11 94
52 96 17
67 45 63
57 53 73
73 35 23
73 44 1
3 8 88
43 82 18
70 25 2
40 76 92
10 36 76
53 61 85
60 81 24
11 78 3
16 35 59
73 5 80
90 69 64
7 52 33
56 44 57
28 62 38
59 96 91
85 93 63
10 55 4
1 95 53
37 92 57
52 68 7
9 67 98
91 77 63
3 19 75
42 7 15
54 36 40
100 84 31
53 92 12
78 23 25
81 45 30
11 30 40
7 13 96
23 70 19
70 35 40
95 11 94
25 54 15
62 90 75
1 52 5
85 16 71
22 97 31
66 96 69
73 41 26
31 46 91
43 47 33
58 18 38
37 3 58
34 78 66
28 37 95
29 75 87
17 36 76
55 68 37
80 94 17
25 43 2
26 54 1
76 9 32
48 100 7
13 15 91
65 89 98
79 91 11
5 97 10
57 41 42
34 21 80
92 10 71
63 38 11
75 97 59
45 54 78
41 9 44
67 94 53
100 66 7
82 56 91
1 87 71
88 45 37
100 61 33
100 60 84
17 37 79
65 91 93
52 68 11
47 74 14
37 33 18
67 12 75
8 44 91
6 26 84
100 64 45
47 27 8
47 27 41
0 2 42
10 32 14
73 32 97
0 15 62
35 55 63
20 14 88
67 45 84
17 75 28
77 83 58
17 63 22
31 32 20
22 28 37
42 33 8
76 47 70
65 34 26
64 38 29
37 43 86
22 14 70
0 20 21
63 39 40
93 92 92
38 31 43
95 52 21
28 95 98
64 85 30
85 12 5
21 60 67
1 69 27
65 69 32
25 23 43
4 78 15
1 81 66
74 35 78
46 13 67
0 20 25
97 10 17
84 63 23
8 92 17
1 23 57
95 22 15
7 34 65
15 40 98
33 17 14
31 37 19
35 22 38
94 53 82
44 62 13
14 65 87
53 52 65
83 12 56
39 62 18
31 3 8
30 64 56
28 13 37
98 13 29
93 26 48
13 47 81
84 18 41
54 8 62
51 9 46
0 30 70
8 64 34
61 11 61
89 42 1
36 65 62
51 26 61
13 46 10
52 56 84
90 47 68
96 46 9
31 10 68
36 60 91
41 67 73
24 8 15
58 36 22
98 85 38
25 2 9
35 43 32
9 10 84
9 70 2
54 93 10
96 100 18
20 73 83
60 29 94
52 29 5
100 28 10
38 18 100
62 59 95
22 45 39
69 96 3
34 92 25
3 66 73
49 48 55
98 31 67
44 60 67
58 16 65
23 1 19
99 41 62
24 26 19
80 78 67
91 25 16
22 42 25
42 93 63
18 66 28
35 29 87
95 62 96
74 98 45
17 46 54
4 64 60
88 93 40
51 52 94
93 85 66
84 30 23
80 74 70
36 32 85
5 92 68
91 5 25
91 24 30
56 57 34
91 2 11
7 56 41
37 56 98
8 87 8
41 97 37
25 74 22
96 55 72
67 89 59
49 86 5
63 73 6
89 48 41
43 48 99
85 84 21
82 35 76
28 2 36
88 17 98
38 4 1
72 40 83
97 44 60
44 31 91
55 12 25
47 2 34
77 65 16
77 91 2
10 33 21
41 97 68
53 76 77
54 28 31
51 57 31
1 54 73
38 91 22
11 99 92
70 72 24
47 25 9
81 58 33
57 75 18
33 69 55
8 58 1
79 12 10
72 9 77
97 69 86
76 7 28
94 30 1
5 74 9
84 63 8
51 16 84
96 31 25
2 32 95
65 81 74
7 21 17
76 45 72
67 77 35
34 64 3
4 1 83
56 83 72
30 15 68
75 37 68
88 5 55
37 87 64
73 67 79
49 42 78
48 52 2
61 9 64
84 90 1
88 40 84
99 97 98
99 35 58
18 57 73
0 42 24
68 31 60
16 11 38
4 25 17
72 96 80
17 24 45
38 92 85
15 19 12
38 2 57
46 13 17
93 28 75
58 99 46
21 53 4
27 23 13
15 28 37
11 45 47
100 97 2
77 97 48
36 87 6
48 59 23
50 22 39
73 66 59
77 67 94
87 28 17
30 44 90
91 77 4
62 17 11
6 74 32
33 58 9
67 19 16
28 96 15
4 11 83
87 37 39
13 55 55
37 62 67
37 26 33
67 23 25
90 93 62
55 77 36
75 9 23
61 12 61
0 34 29
38 20 36
23 3 100
39 85 37
22 21 46
10 34 81
54 84 77
82 94 57
59 30 79
2 48 25
30 83 16
49 47 74
82 47 30
46 100 56
82 2 69
40 31 94
53 46 81
84 75 56
96 80 66
99 70 27
62 67 78
61 6 25
69 96 28
53 90 67
8 90 85
52 79 8
84 53 47
16 43 68
91 22 82
92 82 14
30 29 57
0 39 48
73 4 82
76 23 47
71 52 15
50 45 96
0 89 69
16 46 80
59 82 94
87 70 20
57 52 31
94 29 61
98 6 75
98 42 24
46 60 87
25 93 2
36 41 40
100 84 72
72 68 30
57 38 52
30 5 25
61 65 100
38 4 40
0 54 4
39 81 80
55 32 37
87 47 83
91 86 32
43 24 79
88 98 54
36 69 53
77 41 62
7 52 70
68 88 23
23 7 39
29 35 24
80 53 38
25 43 87
45 39 5
41 35 64
41 62 75
52 91 16
42 63 85
77 46 25
12 71 89
81 64 70
38 8 35
74 76 22
55 82 52
41 98 74
81 13 32
51 82 15
5 66 37
55 99 81
87 12 14
72 84 72
44 26 6
21 99 3
38 96 19
59 75 32
7 79 5
0 32 79
7 29 92
62 17 79
36 4 21
74 3 72
19 90 69
3 82 67
60 87 90
73 81 29
5 42 25
16 10 4
65 48 46
10 67 92
63 97 5
99 10 38
71 8 8
89 80 24
21 26 87
57 76 70
56 82 23
32 14 83
23 36 86
1 42 57
100 68 14
8 2 87
36 98 30
85 55 91
18 95 60
68 13 87
94 62 11
95 24 55
20 98 70
37 2 41
39 5 87
11 92 53
7 83 47
1 22 6
71 76 48
22 2 57
31 90 6
39 68 98
22 15 99
76 70 22
56 92 59
92 80 87
37 24 17
19 15 33
36 61 83
83 77 98
38 87 35
57 92 78
16 53 10
69 44 38
98 41 60
10 28 72
92 4 28
100 31 11
40 87 59
12 85 59
82 20 52
90 67 82
18 61 15
63 42 23
59 72 79
100 89 96
83 15 78
50 58 100
20 24 95
32 43 54
68 85 59
66 16 67
78 84 95
50 96 59
54 47 14
76 10 62
35 71 80
52 44 12
34 29 37
1 73 59
14 81 78
24 66 29
18 56 55
30 5 55
64 82 82
52 20 71
28 11 21
14 10 10
80 66 44
37 54 52
1 94 5
32 96 39
15 87 67
80 32 67
2 93 86
13 9 61
9 78 90
50 91 58
42 13 34
88 58 41
37 59 59
60 83 20
47 68 48
29 71 99
52 39 2
23 58 58
55 3 20
35 62 33
81 8 37
34 27 91
79 7 62
73 9 85
93 5 46
79 88 11
1 28 70
17 73 94
91 10 57
7 13 7
46 60 37
95 33 26
44 52 32
94 29 22
97 82 93
21 81 30
26 92 27
86 25 64
6 12 13
13 69 20
4 90 64
31 9 89
75 56 53
90 48 65
57 14 13
31 9 91
64 96 55
96 2 72
25 12 74
16 58 42
5 20 37
41 54 55
18 22 25
94 54 91
50 95 41
5 19 45
70 87 37
100 91 42
18 28 91
21 94 36
97 81 53
88 17 100
23 68 11
4 47 1
91 61 19
42 33 100
85 73 70
38 73 58
23 8 13
37 87 8
79 87 63
5 47 66
74 35 91
56 30 6
77 21 90
74 83 52
91 41 56
13 28 46
17 32 44
72 15 93
27 61 19
83 89 31
99 92 60
19 61 77
25 18 17
61 88 67
23 21 97
75 91 13
61 95 87
45 70 62
38 13 28
27 81 7
93 8 68
24 57 9
80 25 64
58 63 62
93 62 88
85 9 98
94 73 33
28 46 55
21 52 78
37 33 85
75 46 17
19 77 96
60 68 69
59 83 100
93 94 28
71 75 75
100 18 7
63 5 13
15 29 66
28 43 83
100 89 76
0 33 60
50 22 62
93 37 34
12 88 91
25 17 18
74 86 67
6 23 99
76 41 73
85 67 94
83 83 38
32 60 75
71 83 38
24 57 38
84 32 46
30 57 67
97 61 94
57 87 8
38 86 11
84 98 55
34 38 11
89 74 71
75 2 67
16 79 40
26 63 84
82 45 77
63 75 34
23 17 75
78 31 43
35 35 60
77 23 24
88 98 52
82 70 56
65 77 89
8 59 6
70 59 36
58 91 89
57 98 14
70 44 46
7 84 93
38 15 17
93 91 57
13 17 1
29 23 13
48 21 33
16 81 32
64 70 73
60 52 78
56 43 8
98 69 74
84 79 77
41 87 80
27 86 68
51 61 95
100 6 31
66 22 24
91 83 54
98 83 39
42 4 54
15 14 85
93 68 55
99 70 86
91 9 77
84 69 3
62 46 8
49 18 95
88 55 34
87 20 40
3 53 40
100 9 27
72 53 57
15 73 20
66 19 66
63 93 100
10 5 43
83 81 21
75 79 54
4 45 66
59 19 85
3 83 27
11 99 88
81 40 43
21 63 84
46 74 16
59 31 96
60 98 27
3 40 45
55 2 71
42 67 86
86 41 9
25 60 20
75 83 75
51 16 83
82 28 71
41 26 27
80 70 89
55 82 21
76 86 17
2 77 57
87 81 48
46 65 73
80 33 25
25 76 48
90 22 23
6 90 7
15 74 4
2 35 88
63 47 47
72 83 63
84 79 64
32 10 75
33 70 76
79 31 94
85 2 99
74 9 58
58 90 100
47 85 3
44 27 57
64 88 26
55 65 61
98 22 42
57 10 21
5 100 52
46 71 15
79 70 92
64 81 11
90 72 20
70 100 38
59 75 48
7 54 41
4 86 31
25 47 39
74 24 4
74 77 38
76 27 10
55 48 15
98 39 27
54 6 54
72 21 28
25 61 69
11 60 98
7 25 48
79 8 72
22 20 89
34 26 6
7 29 86
95 44 79
40 5 31
63 4 15
42 73 40
4 80 61
97 7 12
42 91 58
82 89 7
6 74 68
79 37 2
14 98 61
46 54 18
30 61 23
2 21 41
100 23 20
20 46 39
65 88 97
75 53 41
36 22 35
94 30 67
10 22 55
66 98 21
74 86 76
14 89 2
10 37 85
45 62 57
91 88 3
75 63 74
14 46 40
41 12 92
17 2 33
94 20 21
21 28 21
79 48 79
86 92 88
85 33 65
64 20 30
86 15 32
12 98 95
20 11 46
73 6 68
79 4 33
0 68 90
4 99 34
27 23 72
27 6 1
45 94 28
64 25 83
69 3 81
84 98 25
16 97 9
82 19 81
97 18 34
49 35 2
70 16 5
48 77 79
8 13 21
27 63 72
61 56 2
93 61 47
29 16 45
99 91 5
4 92 13
28 81 52
97 83 99
53 6 61
77 88 1
10 33 56
74 73 98
80 22 42
36 17 39
29 11 42
51 36 99
33 20 79
48 46 58
20 46 63
84 40 70
82 55 91
61 34 14
34 14 7
54 86 32
40 79 88
67 88 33
1 7 59
82 32 14
49 79 11
75 71 84
72 98 89
21 6 39
37 13 100
34 99 40
95 20 58
47 53 21
32 15 55
1 74 53
4 95 82
41 5 75
8 47 90
43 89 76
95 92 84
43 30 26
50 42 68
16 48 34
87 22 56
31 9 97
12 100 82
19 13 36
78 28 94
85 68 41
83 41 63
2 72 59
4 79 33
58 20 22
66 20 11
47 12 95
37 77 96
32 67 10
28 16 5
74 32 16
12 9 17
87 66 72
97 96 54
96 28 17
54 53 91
33 6 28
69 18 21
63 53 74
77 75 53
50 36 93
80 15 95
40 29 7
46 25 23
87 93 35
61 55 7
74 32 14
97 24 78
90 63 36
1 45 6
7 55 85
55 94 27
32 27 27
91 74 34
6 33 77
93 73 87
