100
0
1
2
11
1692
999997
166
344952
582151
246262
7165
12500
113005
40
733181
10
995984
272940
1250
134913
754469
981737
3
152021
633866
611105
429893
270233
842525
527487
512278
20982
9
826055
792932
999998
7
999992
825130
187916
722505
999995
465231
286207
702127
72476
361174
763062
999994
124
399185
8
311020
835722
863359
971637
999991
214772
125
160372
261433
539200
34
90250
474771
533913
514862
847683
165026
828436
25
424395
125000
739189
827074
710980
548404
963210
997679
685030
999996
141504
47802
580274
2506
20
999993
200
1000000
7473
4
999999
283506
5
720053
6
97674
723888
923483
370232
