150
27 907
28 0 586
65 34 907
49 225 907
29 0 857
9 270 907
74 237 907
36 599 907
0 167 907
33 499 907
52 0 670
71 6 907
22 58 907
20 431 907
11 41 907
4 379 907
39 9 907
62 199 403
27 278 907
55 607 907
72 366 733
2 0 539
41 223 907
38 0 851
50 371 700
76 0 685
19 0 702
10 0 845
27 650
98 193 650
60 0 325
73 0 358
12 0 548
81 0 414
22 320 650
53 199 474
90 0 612
27 242 650
66 0 495
13 0 648
9 104 598
91 437 650
68 51 650
103 8 650
21 95 650
49 0 315
104 501 644
83 0 377
99 0 558
56 0 628
72 0 190
41 350 650
28 437 648
1 355 650
95 0 510
32 170 650
14 312
41 0 295
7 28 312
40 78 238
60 33 312
33 87 312
37 203 312
71 12 298
79 109 236
74 0 222
3 21 312
66 0 290
70 0 204
48 158 312
26 93 312
31 605
54 0 392
18 283 605
3 0 472
46 57 230
23 346 605
55 324 605
57 308 605
61 153 469
24 322 605
36 0 312
84 74 323
25 33 605
41 170 605
28 0 304
8 329 605
56 0 556
59 10 605
79 274 557
10 227 605
0 0 580
30 84 213
71 0 585
34 137 605
49 14 605
32 0 595
76 0 516
48 0 326
19 0 311
9 445 605
58 207 605
15 0 571
23 201
12 24 94
93 3 201
84 34 201
4 0 188
40 0 187
3 25 201
24 0 166
95 0 194
6 39 201
75 0 60
104 85 201
101 0 158
34 0 192
80 0 195
79 138 201
0 0 131
7 119 201
102 64 194
11 0 101
57 93 201
9 6 201
73 0 134
77 20 201
50 100000
0 1 100000
1 0 99999
2 1 100000
3 0 99999
4 1 100000
5 0 99999
6 1 100000
7 0 99999
8 1 100000
9 0 99999
10 1 100000
11 0 99999
12 1 100000
13 0 99999
14 1 100000
15 0 99999
16 1 100000
17 0 99999
18 1 100000
19 0 99999
20 1 100000
21 0 99999
22 1 100000
23 0 99999
24 1 100000
25 0 99999
26 1 100000
27 0 99999
28 1 100000
29 0 99999
30 1 100000
31 0 99999
32 1 100000
33 0 99999
34 1 100000
35 0 99999
36 1 100000
37 0 99999
38 1 100000
39 0 99999
40 1 100000
41 0 99999
42 1 100000
43 0 99999
44 1 100000
45 0 99999
46 1 100000
47 0 99999
48 1 100000
49 0 99999
35 256
62 0 199
119 0 245
30 0 84
52 42 256
66 72 256
98 98 256
46 50 256
82 37 256
71 23 256
64 0 228
111 56 256
88 86 256
100 0 135
81 15 256
112 0 205
12 19 256
10 0 231
116 109 256
27 52 256
91 150 236
17 0 178
90 50 256
42 72 218
32 0 176
16 42 256
2 0 180
24 55 256
93 1 256
102 0 111
75 116 202
34 0 227
13 41 256
95 0 220
9 77 256
109 0 236
2 445
86 0 124
49 0 322
5 201
40 38 85
12 0 163
25 1 50
31 108 201
62 0 123
20 680
28 0 552
110 352 586
117 301 680
67 2 680
127 26 680
111 123 560
101 321 680
118 17 339
108 57 477
102 0 486
106 160 680
16 0 391
37 0 668
79 71 680
7 156 680
14 352 680
22 161 665
68 40 680
4 80 680
36 0 519
2 100
1 0 49
1 50 100
9 414
100 283 414
4 79 383
67 74 414
37 0 307
80 66 414
63 80 291
89 0 409
77 73 414
12 0 390
11 866
52 0 805
3 65 866
28 61 866
19 0 849
29 0 276
16 585 818
13 0 493
58 63 866
26 401 676
38 0 400
36 0 720
1 1
1 0 1
22 264
59 0 183
80 124 264
105 0 164
53 189 264
42 0 243
27 3 119
108 24 264
23 82 264
56 0 242
0 6 264
67 0 249
34 56 216
41 85 154
58 0 112
30 0 186
65 65 198
117 0 218
89 0 203
51 0 264
102 0 243
66 120 264
120 109 221
24 938
63 138 938
42 0 668
55 171 895
58 413 938
39 253 703
48 0 649
64 0 474
7 270 938
12 143 938
2 0 897
22 0 807
28 194 938
60 575 938
53 111 938
24 65 938
51 0 378
52 0 628
46 114 597
8 0 835
41 416 694
4 305 938
47 17 938
16 188 938
59 5 444
42 951
20 0 928
57 228 951
74 123 951
63 0 429
1 397 951
81 12 764
35 0 906
43 668 865
65 504 951
71 294 951
44 578 951
90 586 893
9 38 951
34 0 888
3 0 436
83 256 631
0 0 951
5 44 711
38 68 510
21 4 951
15 11 473
13 249 705
29 0 916
18 250 951
59 612 951
30 0 890
42 0 933
78 0 615
70 667 873
68 141 407
16 0 684
56 0 721
66 0 951
3 532 951
36 510 840
77 38 951
17 56 768
82 0 945
67 109 951
61 334 531
2 0 794
70 171 409
28 480
37 55 480
30 45 480
40 279 480
39 165 480
25 0 242
16 49 480
32 0 359
4 0 477
3 50 480
24 0 390
12 52 480
36 0 460
22 0 422
31 4 480
18 78 461
13 54 480
10 0 424
19 79 480
27 0 441
17 322 480
43 158 480
35 0 299
0 143 362
5 0 336
26 0 277
20 0 458
9 0 439
34 248 480
16 819
76 0 357
15 141 819
45 0 556
61 275 819
18 214 819
49 0 507
68 0 412
23 0 679
49 554 819
81 45 285
35 0 482
34 230 442
82 39 819
42 328 819
10 438 819
59 141 771
50 96508
100000 32882 93677
59922 43895 78779
48315 0 91466
32175 0 89598
28528 11643 96508
15318 0 25499
55353 27219 96508
54992 2942 96508
13887 16222 54956
10634 2916 96508
2102 0 24532
67776 30369 60023
41676 42268 96508
60835 44598 96508
37004 70274 95720
61534 75305 94960
44984 10510 96508
58581 28259 96508
27753 6216 32533
9541 1784 21778
59786 0 45375
93771 48077 96508
44584 0 55645
36499 29389 96508
79449 71921 91624
80255 2579 96508
15361 67731 96508
9466 0 90017
74756 0 75314
38462 0 69152
98631 0 34467
15935 47795 89829
36500 0 86218
88905 0 67419
41475 6323 96508
90840 49406 96508
18687 0 87227
11938 0 67274
28684 49605 96508
4507 0 62901
76550 67291 96508
26974 0 85833
68073 20815 96508
19986 60220 96508
47414 0 63611
87381 50744 96508
66492 0 61969
33838 8120 96508
79373 18549 96508
41142 0 52462
39 282
34 44 282
22 0 140
15 0 135
31 0 243
54 16 282
43 110 242
45 0 270
11 0 130
2 0 103
42 0 199
49 0 191
20 0 138
1 0 282
58 164 282
6 0 156
27 0 282
26 109 267
29 0 197
17 0 156
24 155 282
23 134 282
32 0 217
33 65 161
30 0 183
12 0 244
39 7 282
18 20 282
52 0 151
46 149 282
3 0 247
8 1 195
14 141 258
55 6 282
10 0 245
14 0 104
16 0 250
41 0 107
59 0 131
0 0 276
33 449
67 68 318
0 49 449
89 0 328
30 159 449
39 66 449
5 0 439
26 7 449
100 52 238
19 278 449
63 205 449
31 0 230
49 65 449
29 0 387
24 21 449
84 0 240
81 225 376
13 50 394
64 73 449
98 328 449
18 0 388
65 26 449
46 52 449
10 18 449
23 129 449
86 196 449
8 26 449
1 250 449
87 0 342
53 30 449
33 0 211
78 4 449
100 257 449
28 31 427
45 169
17 0 148
2 0 116
34 0 164
8 0 147
27 51 169
44 94 169
63 55 169
14 106 169
33 0 94
40 0 161
6 125 169
5 68 169
48 0 52
38 27 169
50 0 69
24 0 159
52 9 169
66 40 156
62 0 153
31 81 116
15 5 67
12 69 164
45 0 67
54 0 112
20 0 125
47 0 89
58 0 112
43 88 169
46 66 169
36 0 163
10 63 169
22 15 122
7 25 97
28 76 169
55 26 169
56 35 169
25 0 96
13 108 169
1 66 130
11 0 125
23 0 121
57 0 166
35 53 169
29 0 134
30 91 169
49 808
91 346 691
11 453 801
60 0 566
50 70 808
89 243 808
14 285 808
6 55 392
66 0 767
23 84 808
1 0 647
35 159 808
12 0 255
51 106 808
69 472 808
34 0 610
20 0 515
59 262 808
48 71 808
110 164 808
121 0 540
57 0 548
3 436 808
103 18 808
107 71 651
73 536 808
123 535 808
93 95 808
72 411 640
113 0 805
92 235 808
29 0 381
31 241 808
77 0 473
85 0 646
112 176 731
7 0 746
65 363 788
41 0 538
99 65 808
42 0 326
19 0 603
39 0 549
21 0 649
116 0 704
70 296 808
117 0 677
105 0 774
32 424 808
76 129 808
49 671
81 0 656
34 168 671
60 284 671
105 0 573
106 52 407
74 0 624
80 26 237
26 173 671
75 135 671
24 215 671
77 0 407
0 384 670
28 0 389
92 0 651
57 96 626
5 0 598
100 92 371
62 91 671
47 47 671
27 514 671
71 0 539
41 85 607
84 254 520
38 0 555
35 143 405
20 0 321
49 0 563
98 0 257
67 188 671
7 61 671
14 73 671
78 0 579
16 179 656
91 52 558
107 0 614
54 0 452
27 0 508
4 231 671
110 0 642
73 0 632
70 170 671
90 148 671
13 253 483
15 0 642
93 205 671
83 0 630
1 476 671
23 132 671
64 250 671
40 202
28 0 192
69 0 192
51 0 191
32 3 202
49 0 107
25 0 165
74 0 94
36 0 163
63 86 202
6 40 167
66 32 150
82 0 185
40 0 188
60 25 188
18 112 156
0 0 156
43 22 202
91 53 202
4 37 121
1 56 202
38 96 177
62 59 202
22 0 192
86 44 202
37 26 202
47 16 202
2 2 102
20 0 183
55 12 202
71 74 134
39 0 84
68 148 202
83 55 202
79 96 202
58 69 202
90 46 120
33 0 180
23 0 200
81 0 65
35 20 202
50 96650
100000 69037 96650
25487 0 86237
39640 0 52868
29771 29890 96650
22707 8244 96650
30066 0 53533
55320 16053 96650
87888 0 88982
67877 0 87623
33157 52756 80956
61094 0 94840
94917 8695 86597
64098 13611 96650
35233 10140 96650
57021 0 84064
93234 29203 96650
75342 31997 96650
41840 0 86462
418 22082 96650
15681 41422 96650
29233 0 55240
42599 17018 96650
94142 29713 52961
80948 0 94101
50183 0 86687
18125 38871 96650
29812 31305 96595
95970 14654 96650
91047 0 93274
59496 35224 96650
52807 14419 72171
26683 6478 96650
2970 0 91157
50652 0 78889
11420 20710 96650
2463 0 73200
88708 0 76942
49448 1574 31434
22640 0 95838
48806 10854 96650
59667 32024 96650
69108 0 87094
26785 69041 95222
78582 0 43910
36803 0 87114
57888 0 86823
30038 28416 68768
65727 42994 96650
60454 0 58557
12124 11764 96650
47 652
38 0 468
8 80 652
32 91 652
11 481 645
49 0 545
60 0 298
42 35 652
40 0 586
25 0 529
54 310 652
50 269 652
14 0 394
57 12 262
20 0 646
19 0 556
61 77 652
45 0 401
62 111 652
30 458 620
6 254 620
12 0 442
9 0 419
46 246 652
14 449 652
58 153 589
48 0 443
51 231 652
1 167 362
10 92 551
47 0 629
26 153 652
34 442 638
24 447 627
36 180 652
59 0 266
29 283 652
22 244 652
9 422 618
27 0 510
13 0 444
23 227 630
18 157 652
15 285 652
28 0 373
63 150 472
64 0 601
4 59 652
41 372
5 0 204
36 0 316
0 6 372
68 0 215
38 0 283
27 105 372
16 216 339
47 0 263
14 79 372
11 43 329
10 142 338
49 64 265
44 44 372
65 23 372
40 0 233
19 167 348
35 0 143
69 0 328
54 0 305
17 164 246
64 96 372
62 31 372
50 0 285
18 9 127
45 39 277
43 0 251
32 173 372
9 0 326
28 0 351
66 42 372
51 20 254
53 11 128
24 0 220
18 220 362
39 0 221
6 59 372
60 0 271
55 8 372
37 0 212
32 0 124
46 257 372
50 99837
100000 0 95815
93913 0 66977
2104 17849 99837
48320 49218 99837
7304 0 80739
43258 16624 61903
72280 0 70319
71766 59713 99837
57014 0 46914
78458 8080 99837
58255 15169 62119
82680 0 60629
82281 0 88526
83391 0 67590
15494 25510 51765
43151 0 79307
41441 0 89911
92180 0 75850
75545 0 76272
86796 34804 87458
16858 0 77438
58711 62767 99837
8106 40721 99837
69693 43016 99837
98413 53867 99837
91880 74245 95247
61423 0 48298
43982 46526 69398
6568 0 78679
87471 69091 99837
92154 45282 99837
22638 0 55238
35028 0 47487
53516 29177 99837
2037 46741 99837
63782 0 75575
55030 0 94078
26792 0 63517
69823 16452 99837
75893 0 88108
12290 0 99360
41477 11793 99837
95930 46512 99837
15996 0 76999
22406 21739 99837
67211 0 35852
68589 5451 99837
2600 42828 99837
85115 0 58234
21559 32038 99837
27 176
2 9 176
57 7 78
19 79 176
3 56 101
39 0 170
16 31 176
59 0 75
20 116 160
1 54 176
28 0 123
0 37 77
31 8 176
8 0 37
34 20 176
53 24 112
42 0 142
46 0 171
63 90 176
56 74 176
4 82 176
29 0 164
11 68 176
9 46 176
47 89 151
15 0 135
36 0 140
37 8 176
46 903
71 239 903
8 0 871
67 0 551
45 0 524
57 0 434
77 0 628
87 0 326
54 0 797
30 448 903
72 423 903
37 29 903
76 562 854
70 108 903
55 0 362
79 0 744
74 0 582
61 248 903
29 0 774
86 489 903
0 0 674
22 102 903
101 0 260
56 90 354
56 613 903
27 0 717
46 57 903
19 0 622
13 26 317
14 20 903
26 4 903
2 0 686
50 0 657
89 106 890
80 159 903
97 0 862
85 460 903
28 63 903
53 118 903
65 0 757
6 414 903
25 161 903
96 0 418
1 0 863
35 0 431
49 0 809
31 0 829
41 565
22 0 509
94 0 364
65 0 341
64 22 565
127 8 565
112 0 183
43 266 565
0 312 565
8 93 565
95 92 565
88 0 465
69 0 204
70 43 565
124 207 565
146 308 565
123 0 198
92 48 565
67 89 321
109 336 565
80 203 565
106 226 518
136 286 565
128 0 507
126 48 527
51 0 329
68 0 561
45 0 474
107 67 565
12 254 522
42 161 385
140 89 382
148 246 565
20 0 307
23 0 303
121 105 565
26 0 486
17 0 367
54 0 524
135 0 519
91 0 421
111 0 262
3 9
33 0 6
66 0 9
99 3 9
48 294
93 93 294
84 157 294
11 164 293
4 0 287
17 0 211
37 0 224
44 106 294
26 55 294
43 110 294
81 18 242
72 0 244
14 30 294
101 127 294
96 124 184
106 98 294
68 0 234
78 30 294
12 214 294
41 0 256
19 88 294
9 27 93
102 0 279
95 16 162
56 18 164
13 18 294
20 93 294
59 63 294
35 70 294
104 0 294
27 0 136
85 0 119
89 194 294
65 28 137
15 47 294
10 131 294
73 115 294
39 10 294
6 138 294
45 147 294
83 0 230
76 93 294
18 164 294
33 78 294
22 0 209
51 130 294
69 0 292
91 0 279
3 65 236
41 963
12 676 963
15 112 610
69 354 963
3 159 963
1 88 418
4 0 833
24 380 728
63 480 744
38 272 963
61 271 870
24 36 347
55 118 963
47 330 963
71 0 739
18 32 737
14 0 839
48 0 963
9 0 518
57 354 886
11 0 963
35 0 833
20 79 963
45 645 922
41 201 963
29 157 963
60 0 518
59 180 963
32 280 963
31 0 810
64 34 963
36 101 956
5 0 472
68 0 459
37 89 963
51 0 920
40 0 658
65 0 617
8 138 886
23 0 877
19 0 855
58 97 963
39 644
7 340 615
31 0 581
56 225 644
81 0 414
59 51 456
26 243 644
63 17 644
47 118 644
80 47 390
50 0 574
61 291 644
93 12 644
49 114 644
57 79 248
78 55 644
12 0 584
44 199 644
25 0 597
67 183 644
20 0 571
37 164 644
55 126 409
28 81 644
22 131 348
16 116 644
48 0 438
32 0 479
39 327 597
39 87 271
18 0 469
2 287 644
69 119 644
72 197 644
84 0 511
74 0 456
76 239 543
52 0 513
1 0 563
87 0 468
18 266
34 0 250
23 47 266
38 0 216
46 0 171
40 30 204
19 0 99
36 0 174
21 0 205
39 0 152
43 0 216
24 58 266
7 0 260
11 43 266
44 195 253
6 13 266
45 0 251
41 27 165
31 1 266
43 177
95 0 83
10 0 155
62 80 177
6 0 105
118 50 105
3 63 177
50 0 100
9 0 112
115 0 52
13 0 116
76 43 177
79 0 80
94 44 150
37 5 177
114 0 140
74 68 177
87 0 110
77 0 113
35 0 136
52 21 177
92 29 177
12 15 177
28 44 177
42 57 95
20 0 100
111 52 177
121 29 177
53 65 143
58 0 69
91 45 177
54 5 177
120 41 177
69 60 177
73 0 133
106 0 74
103 8 177
22 73 167
96 66 177
89 33 177
0 102 177
105 4 177
65 0 174
112 0 158
41 90
50 5 70
68 13 90
102 17 90
53 0 60
10 12 76
60 0 66
21 7 90
7 0 65
72 3 90
30 46 90
34 0 60
59 31 90
38 0 86
121 0 50
118 35 79
81 30 64
71 0 68
25 0 73
65 48 90
107 0 53
66 2 90
13 0 51
119 48 71
31 12 90
39 60 90
92 0 90
9 9 90
63 14 90
22 0 86
64 0 82
80 0 86
69 0 31
110 37 90
5 9 90
61 19 51
17 43 90
32 12 90
12 19 61
35 28 71
117 0 53
1 0 26
1 707
75 125 515
34 713
34 0 659
2 326 713
54 0 373
1 0 351
13 68 713
5 373 713
19 94 713
35 128 713
21 5 713
45 346 713
28 0 503
20 0 693
43 0 607
30 18 213
44 210 401
24 0 506
12 58 713
25 23 302
15 0 685
57 122 713
39 0 462
32 0 633
11 0 632
16 0 255
22 0 632
26 182 713
38 0 207
17 271 713
36 448 713
31 32 713
41 0 632
58 0 698
29 0 362
16 279 713
45 321
33 3 321
53 0 214
32 89 321
71 188 300
8 3 221
13 184 321
60 0 259
7 0 142
12 74 308
20 26 291
28 117 321
30 0 222
21 34 321
50 0 105
47 0 194
10 59 321
51 108 321
85 66 321
44 167 321
27 71 214
81 46 321
62 87 321
35 67 321
18 118 321
19 165 321
66 0 255
26 0 113
29 0 198
24 0 251
0 4 181
63 0 292
3 0 311
69 0 147
72 0 214
88 98 321
36 0 182
57 41 321
2 0 147
4 41 321
19 43 148
87 55 160
43 0 321
65 83 321
45 0 232
76 0 179
26 990
55 154 668
16 284 770
92 51 990
125 0 443
50 0 909
47 372 990
25 0 328
83 234 990
118 320 671
113 0 300
43 430 990
61 0 917
114 285 778
65 234 681
45 96 637
115 0 830
18 0 683
81 0 489
127 703 923
28 0 598
101 0 663
19 106 990
53 0 529
75 581 897
110 0 768
82 0 536
2 201
8 12 201
10 116 172
29 197
79 0 99
18 45 197
49 0 150
60 69 144
36 30 197
17 23 110
93 0 163
42 83 197
23 0 151
69 22 68
74 0 132
1 98 197
33 137 197
40 3 106
70 0 163
61 0 177
0 60 135
89 0 110
28 27 197
78 0 186
72 0 197
99 117 197
3 137 197
76 27 197
5 0 178
9 0 105
43 0 103
15 0 128
35 10 197
24 815
34 0 744
74 221 599
78 22 293
61 164 815
75 0 815
27 464 815
7 163 815
66 205 702
12 171 815
68 0 692
49 0 668
76 0 539
63 0 814
19 136 310
67 0 471
62 0 639
46 277 718
28 49 245
45 0 744
18 5 763
31 0 674
54 0 716
20 5 815
30 0 734
4 14
34 5 13
17 0 8
41 4 9
8 6 14
37 695
52 57 695
56 0 283
36 0 684
53 0 551
41 330 695
0 0 539
34 0 524
20 340 695
45 370 693
16 43 437
48 173 695
50 46 695
22 236 695
57 71 695
11 0 384
8 207 695
5 205 695
19 159 695
33 135 695
12 24 695
49 0 603
9 234 695
51 0 623
3 175 695
35 107 695
24 0 581
31 96 695
26 144 695
46 326 695
42 0 426
58 0 352
6 0 478
55 0 244
43 125 351
32 365 695
21 0 515
2 65 285
2 392
10 77 215
41 25 332
34 513
12 42 513
72 252 513
70 194 513
44 0 364
9 118 395
90 0 286
63 0 363
27 0 401
52 7 513
3 0 272
76 0 241
36 0 456
6 3 513
57 306 513
64 0 399
55 0 369
45 48 393
58 0 361
31 130 513
59 0 277
16 230 449
75 137 513
39 31 201
28 21 425
23 0 334
42 0 492
88 0 498
11 0 216
47 0 419
22 0 261
86 0 362
2 71 513
49 0 488
7 223 401
13 839
53 0 743
49 0 774
13 149 440
65 330 839
43 0 434
36 360 650
58 72 666
15 16 839
82 237 839
0 480 754
11 0 367
21 0 677
62 99 839
39 549
8 33 545
54 256 549
55 0 408
6 0 366
47 0 394
22 11 549
21 0 319
56 125 271
59 346 549
36 0 549
64 0 392
16 125 508
3 187 549
18 126 549
62 72 549
61 46 549
65 0 476
35 0 351
19 186 549
5 0 503
44 0 340
63 124 549
33 0 449
26 157 549
14 103 460
50 339 549
40 132 243
30 83 549
10 18 549
53 0 492
39 101 285
17 0 341
60 70 471
1 20 201
4 253 549
9 31 549
15 131 549
2 62 229
11 0 408
36 992
109 52 992
10 0 714
123 582 992
51 0 855
18 0 665
5 106 992
124 243 992
55 281 683
90 0 835
115 245 992
34 194 992
89 0 967
79 421 992
107 0 481
2 292 786
75 0 350
87 148 779
1 0 815
49 0 494
35 0 540
63 324 992
42 250 949
105 5 992
66 0 971
19 0 893
23 61 992
94 0 826
4 0 825
98 0 960
40 0 519
76 0 618
121 0 958
69 24 992
33 0 871
118 0 905
45 0 967
43 233
74 9 233
52 16 233
5 0 222
6 0 162
76 0 182
34 118 233
38 0 222
27 0 196
56 105 233
77 39 233
75 56 233
46 0 233
81 0 178
82 132 233
22 54 103
8 84 150
51 104 233
36 0 111
13 0 200
65 67 233
32 33 233
69 0 163
66 10 233
44 15 233
31 3 233
10 0 83
58 35 233
68 15 233
17 0 117
35 167 233
41 0 215
11 114 233
87 47 233
9 30 233
80 73 233
3 0 127
49 5 232
67 59 233
48 0 156
39 26 233
15 6 233
23 28 233
72 77 233
37 566
32 0 564
35 0 488
12 264 402
56 120 566
28 13 566
46 306 566
58 52 429
27 67 341
77 218 566
4 0 287
42 0 323
72 194 566
81 126 566
37 12 566
41 0 392
88 47 566
33 58 566
2 6 135
19 0 510
8 0 560
86 13 242
9 216 566
67 303 423
44 95 566
15 37 566
21 167 566
54 125 523
76 34 566
36 79 566
40 0 537
62 0 215
64 0 480
60 0 418
57 31 566
63 368 529
23 0 279
7 159 566
30 481
115 0 322
118 152 262
17 0 326
111 154 481
45 0 229
94 0 360
101 223 481
72 265 481
55 0 129
54 125 467
10 0 371
87 0 439
59 60 481
13 84 211
38 320 481
102 59 233
51 316 481
23 271 481
2 0 284
64 0 451
31 0 481
74 0 465
36 50 481
37 0 435
76 0 312
50 0 407
57 0 402
109 228 481
33 112 425
61 166 481
45 611
60 42 611
84 0 531
64 4 611
52 43 611
15 0 473
92 122 611
95 244 579
77 110 611
82 215 611
49 29 345
65 34 611
69 0 322
12 186 611
27 0 414
113 0 410
19 234 611
54 0 515
76 0 579
2 0 403
72 0 411
97 34 365
51 0 474
116 0 584
8 0 600
56 180 472
36 419 611
53 89 392
101 0 582
83 0 602
85 0 571
5 40 611
106 58 611
10 156 611
11 170 611
115 59 611
62 281 611
61 135 293
90 0 425
9 136 272
6 0 486
42 0 468
29 242 611
1 155 611
66 357 611
18 0 329
40 506
30 0 403
4 0 491
42 8 506
29 69 506
26 0 274
28 33 506
44 0 329
0 19 247
24 0 337
45 0 501
1 143 471
35 0 238
23 0 480
11 0 293
19 0 227
8 162 363
2 46 465
43 0 490
52 113 506
46 0 265
50 63 506
40 0 449
20 25 506
16 68 366
32 0 379
19 230 506
27 48 506
6 0 380
13 53 439
14 0 203
49 65 506
5 0 506
18 81 506
47 0 475
37 241 488
15 143 506
10 213 356
21 46 506
31 60 506
3 81 506
49 59
0 7 59
44 15 32
46 34 59
40 27 59
4 14 59
41 0 57
16 43 59
42 0 34
6 0 22
47 22 59
26 0 38
55 0 55
30 1 59
27 0 54
1 18 59
29 0 57
57 33 59
53 4 59
65 0 56
32 0 47
58 30 59
22 0 41
62 11 59
49 29 59
15 0 51
43 0 45
45 6 59
9 17 59
56 23 59
60 27 59
8 0 24
38 20 59
34 22 55
5 18 48
67 0 55
18 1 55
20 32 59
24 25 59
23 0 51
31 6 25
6 24 59
52 0 33
54 0 58
14 6 59
61 0 37
16 26 38
66 0 50
2 0 54
21 8 59
8 399
34 237 399
64 0 203
11 56 399
58 283 392
12 203 399
47 108 399
28 50 399
50 118 399
25 194
28 0 89
59 0 75
12 0 160
39 62 194
101 95 194
11 0 178
17 36 163
40 0 187
46 0 190
61 135 190
43 0 149
88 0 103
67 0 132
96 50 194
19 0 169
57 0 169
81 0 187
32 0 145
51 63 194
76 0 95
41 11 194
5 7 110
83 3 194
86 0 84
78 0 191
43 306
42 158 283
56 59 306
65 0 271
66 0 183
50 47 306
8 4 270
88 55 306
55 0 237
29 125 306
25 7 306
46 0 148
80 0 240
28 0 259
30 45 306
62 216 306
53 113 306
77 10 306
82 0 122
70 0 219
89 123 306
61 208 306
6 0 292
14 36 99
87 0 270
15 0 185
17 199 306
12 58 306
58 180 306
34 51 306
10 75 306
63 0 284
3 76 306
4 34 113
2 15 306
68 27 306
71 0 283
38 62 246
22 0 174
32 142 306
72 18 165
43 167 306
48 0 221
24 101 306
20 350
8 0 262
14 0 95
46 1 350
37 22 350
25 0 250
65 210 350
60 0 321
56 56 350
12 0 317
26 135 350
16 50 350
49 0 147
18 60 350
39 171 253
41 264 340
58 82 350
61 26 191
42 116 350
24 94 244
54 25 107
4 382
39 108 359
83 0 367
38 0 265
60 0 378
17 95
70 0 50
30 0 56
68 15 95
22 41 95
18 0 93
60 0 44
29 0 71
3 45 95
8 0 92
15 0 78
17 3 27
71 0 30
25 3 95
42 7 95
71 54 95
33 0 82
11 23 95
12 680
65 318 680
10 255 680
2 168 680
31 83 680
38 217 680
62 80 680
13 271 528
14 97 324
72 435 621
78 151 391
48 0 680
70 0 553
33 136
124 62 115
25 35 136
96 38 136
21 56 136
55 0 119
115 46 136
57 0 113
112 0 42
90 0 127
46 0 127
108 0 132
60 0 87
125 0 89
100 31 136
122 78 136
2 99 136
28 71 136
35 3 55
78 0 110
19 0 108
74 39 136
83 0 124
18 0 84
84 18 136
42 0 133
9 0 118
139 0 132
137 0 106
89 13 112
61 0 114
104 0 131
68 0 100
11 0 43
10 343
6 31 343
5 1 343
1 0 270
3 43 343
28 0 315
19 0 312
10 0 172
27 11 343
11 0 148
8 0 276
6 683
49 0 352
26 65 683
41 0 581
54 156 683
18 5 683
17 0 389
36 471
63 51 239
39 129 471
112 61 415
5 0 299
93 0 363
54 19 471
24 121 471
26 0 470
85 0 355
47 77 369
106 28 471
67 246 471
78 0 305
66 0 447
58 0 339
36 67 471
31 162 471
100 26 471
107 0 343
27 0 342
38 365 468
50 0 216
83 183 471
108 0 165
7 0 439
18 0 353
43 263 471
12 65 471
48 216 471
21 186 307
71 79 312
14 154 471
29 212 321
17 120 439
87 0 313
108 282 471
47 421
22 0 405
48 6 253
45 202 421
19 14 421
33 0 161
34 215 421
3 131 421
34 0 165
56 193 421
31 163 421
58 50 421
53 10 421
10 0 130
6 90 421
54 215 421
16 35 421
46 23 421
40 43 421
41 0 234
4 54 421
11 145 421
9 0 339
44 58 421
32 4 181
13 0 390
24 209 421
21 275 421
51 0 230
1 158 385
23 71 187
7 58 386
18 0 288
12 0 136
37 0 370
42 224 421
30 89 421
27 0 413
57 21 421
39 37 187
20 0 268
17 0 250
36 58 264
2 265 421
26 0 191
0 27 421
25 0 421
8 18 421
1 381
44 0 219
24 986
48 0 911
27 0 631
42 384 728
36 0 428
40 143 986
2 392 986
33 0 827
32 70 986
45 573 986
9 0 923
43 148 972
22 0 467
34 0 802
38 371 986
15 0 608
46 160 986
11 188 986
25 0 946
51 171 986
29 106 775
10 379 986
23 69 986
30 356 841
52 0 846
8 71
14 6 71
40 0 66
38 8 49
64 33 71
23 12 71
42 23 71
26 18 64
10 13 71
41 775
62 0 218
14 114 775
9 0 502
4 0 642
10 64 775
6 382 775
56 280 775
59 0 574
78 0 516
38 412 775
41 0 623
33 0 629
54 1 602
62 375 775
50 0 671
43 18 502
16 0 422
51 0 666
48 0 396
47 209 775
44 0 633
40 0 440
13 0 608
20 0 654
72 401 775
73 497 775
18 0 240
58 0 615
26 0 381
3 0 318
55 0 288
45 81 378
80 0 362
19 128 775
23 0 707
2 0 259
64 222 775
24 0 698
68 398 775
42 280 775
61 0 739
46 835
51 547 835
10 0 712
1 58 835
41 480 835
42 0 835
5 0 341
39 11 758
36 0 283
33 0 757
66 180 835
23 224 835
11 590 835
55 40 835
59 126 835
38 141 835
36 295 835
15 0 715
50 0 577
74 158 835
18 227 835
34 0 388
28 0 401
27 126 835
32 55 835
72 321 835
71 477 835
60 158 835
63 0 371
14 0 497
49 167 835
21 153 835
25 309 835
0 30 835
26 432 835
45 0 702
53 0 436
64 203 835
68 0 294
43 0 681
7 0 784
65 0 647
48 0 783
6 139 835
35 0 724
2 0 573
31 16 736
1 1
0 0 1
35 887
57 196 887
59 16 887
29 0 658
74 51 812
22 107 887
82 0 448
105 62 887
26 0 757
50 0 696
13 0 782
17 0 847
64 322 887
37 522 887
91 533 822
36 0 521
11 56 887
34 349 887
70 0 772
71 545 887
108 133 887
3 147 887
32 0 833
89 0 821
21 0 681
87 87 887
68 391 887
38 0 684
40 373 887
116 88 467
58 93 887
7 355 887
55 0 481
16 0 706
123 0 867
94 487 887
25 259
56 0 104
82 68 137
48 0 242
89 84 259
42 0 135
101 17 259
40 64 217
49 32 259
79 0 248
10 2 195
90 0 177
33 11 259
80 42 259
28 31 191
92 74 159
62 68 259
14 121 259
29 0 207
21 0 164
11 0 163
98 47 259
59 15 259
65 43 259
30 77 259
56 198 259
38 927
83 0 679
23 251 590
49 0 260
71 15 927
29 372 927
7 121 927
6 0 777
57 190 689
37 81 927
65 38 927
21 484 927
43 584 927
82 0 629
35 214 927
28 0 565
79 550 794
10 120 927
1 0 448
89 0 865
97 79 291
67 637 923
80 262 927
34 0 927
8 321 772
25 0 736
96 118 313
15 0 683
33 0 753
24 472 927
76 0 475
47 417 927
13 0 647
98 0 621
78 247 927
64 477 927
20 373 927
32 237 884
55 96 927
43 644
4 0 488
39 0 558
80 162 644
28 0 640
49 99 644
95 237 644
2 0 412
123 0 558
31 107 644
97 480 644
121 139 644
32 0 307
133 0 611
35 82 413
11 0 405
34 0 630
88 0 322
104 0 617
43 185 630
37 0 461
68 206 644
41 23 410
103 47 184
65 215 644
102 0 629
147 0 468
134 166 352
25 213 500
22 0 390
29 62 644
44 0 499
3 180 644
5 63 644
136 276 644
81 0 302
148 0 283
19 0 231
61 0 612
59 6 644
7 23 644
45 93 465
84 0 239
98 0 282
50 97756
100000 0 54175
19016 0 67626
78315 0 62848
4726 22222 94058
55400 0 59289
10639 55205 97756
4706 0 86529
32779 51166 97756
44558 0 43229
41952 26065 97756
71041 11622 97756
58382 0 97756
44365 9426 97756
45891 27462 97756
97623 0 49691
38914 19504 66727
28665 0 66699
32282 3988 97756
74957 0 91015
17799 0 97533
20760 0 69981
76378 0 78622
61602 0 54554
59706 0 67166
33016 0 70498
12112 0 75739
98696 0 84523
81202 0 62077
10310 0 76293
125 29080 97756
89181 12379 74389
32465 0 65516
71989 0 68472
52686 8757 45106
86427 0 96367
61301 0 78921
55510 19162 97756
99642 30056 97756
55546 24606 97756
89194 1977 55850
35503 0 75944
49800 0 72812
3671 0 43671
16797 59421 97756
44087 11308 97756
20754 0 53477
72359 0 60072
33546 29635 80484
4422 64667 97756
19561 7449 97756
8 33
37 0 30
0 0 15
29 8 33
20 0 27
13 1 11
25 0 18
22 15 33
1 0 30
31 952
33 321 952
36 100 952
19 0 733
23 0 874
40 206 952
5 0 346
47 101 952
0 0 773
52 0 622
43 538 952
11 0 935
53 228 771
3 73 952
37 41 575
24 398 952
44 0 631
28 0 822
29 0 566
20 37 760
38 0 881
50 112 952
22 0 836
45 674 952
43 0 520
16 0 843
32 0 952
48 0 913
39 0 747
14 254 952
51 456 952
18 400 764
37 582
13 77 582
21 0 240
32 5 582
18 0 537
55 78 582
9 226 367
6 240 582
40 0 393
28 405 582
16 0 406
8 128 582
17 0 481
22 0 463
49 156 582
33 0 429
36 353 582
3 0 556
51 209 469
42 219 582
52 0 428
58 18 582
26 103 582
59 149 361
39 0 343
0 0 582
41 92 466
47 303 570
43 215 582
4 0 510
1 0 531
24 39 582
14 78 582
45 191 391
34 5 582
46 148 382
25 0 267
30 155 526
15 968
98 372 968
102 320 968
29 175 968
68 73 968
61 212 968
69 0 702
33 0 820
3 0 731
101 210 968
11 0 620
97 354 968
52 244 968
58 421 968
16 128 968
57 468 968
41 604
5 138 604
61 0 274
68 67 604
80 245 604
29 144 585
21 0 501
3 383 604
55 0 228
44 19 565
6 123 604
45 68 199
71 341 604
78 35 171
38 0 448
51 57 362
33 355 604
91 0 502
67 0 270
0 95 604
17 0 419
75 0 449
7 40 604
52 366 604
76 0 441
37 27 604
20 188 556
88 156 277
49 0 254
32 0 511
24 268 604
89 0 544
10 0 552
65 132 254
23 0 189
31 340 476
59 0 445
70 433 583
26 298 604
34 8 564
49 281 527
2 0 555
46 381
64 249 341
1 80 381
16 80 381
9 0 355
55 0 285
7 60 276
2 0 183
43 0 360
49 142 381
51 103 349
8 0 381
20 54 381
56 0 190
45 167 381
59 80 381
24 0 304
5 247 381
52 22 381
3 62 381
41 0 365
12 126 381
21 0 263
62 0 367
32 223 358
23 50 381
25 82 381
19 12 381
39 0 364
14 101 381
53 4 381
17 202 381
61 0 151
54 103 325
31 167 381
29 0 91
10 91 381
5 52 171
4 169 324
40 0 299
46 64 381
29 237 329
57 0 303
26 0 198
2 211 381
34 221 362
0 113 270
27 843
38 149 843
19 0 817
24 0 641
26 188 843
22 0 711
40 0 743
12 0 212
11 56 843
5 0 633
39 0 788
41 0 843
13 361 675
33 53 843
47 365 843
28 274 843
44 195 843
35 89 843
8 54 843
18 265 843
20 0 562
27 0 347
17 194 432
32 302 843
9 90 843
14 53 843
3 27 843
43 0 836
37 837
60 145 777
97 332 837
22 48 837
45 519 837
104 0 194
34 0 618
54 269 837
13 0 652
17 55 644
33 177 758
30 277 837
95 0 686
50 0 603
43 239 469
57 298 837
81 104 837
19 0 700
77 193 837
71 315 837
16 0 404
68 43 837
64 140 837
23 0 472
78 0 492
92 0 689
18 0 625
44 0 553
93 0 823
87 0 704
65 0 447
103 125 379
12 0 582
90 525 837
106 0 571
8 0 818
99 39 837
51 0 777
7 30
10 0 10
20 0 10
5 8 21
15 7 20
25 9 22
10 20 30
20 20 30
46 610
115 17 610
99 34 610
101 364 599
46 0 244
114 37 610
54 326 610
50 0 430
9 173 610
8 0 421
89 195 526
79 6 610
78 0 203
97 0 527
2 0 545
14 0 599
64 441 610
28 67 610
20 285 610
7 353 610
19 83 610
109 69 590
95 80 610
49 0 522
72 48 438
16 109 610
37 6 610
43 0 566
84 54 610
83 227 610
34 21 610
35 32 610
92 0 397
71 45 610
13 0 350
59 37 610
82 270 610
53 53 610
5 300 609
85 149 610
102 0 524
105 199 610
93 0 493
70 47 610
45 0 599
41 3 610
42 0 519
42 777
135 7 429
3 332 777
75 0 434
31 294 777
129 0 684
111 0 654
96 52 218
80 220 777
36 492 777
97 0 463
63 0 621
120 167 777
18 101 777
33 0 654
20 0 734
66 0 553
105 0 766
115 0 542
19 26 777
50 61 456
84 0 345
8 0 526
43 0 271
48 0 666
78 337 777
53 0 681
35 0 574
25 42 252
41 0 415
126 0 634
134 0 776
34 0 679
59 82 777
102 0 770
62 312 777
100 0 718
47 0 662
130 0 725
101 0 675
79 540 777
127 437 777
44 126 777
38 708
30 0 525
10 25 708
54 203 586
27 158 708
15 0 626
13 0 522
49 0 534
47 365 708
9 114 708
34 268 654
11 0 621
51 0 658
14 0 575
33 441 708
36 301 708
16 0 654
24 0 480
39 159 708
44 0 603
20 0 270
50 17 708
19 0 662
26 290 708
21 253 708
17 76 708
48 0 707
2 272 708
40 304 492
6 0 434
7 52 708
42 275 708
5 0 226
38 0 576
52 0 570
22 56 708
43 177 445
4 11 437
0 0 332
11 737
65 446 737
56 362 737
101 0 596
83 0 667
72 0 198
100 0 718
108 0 735
35 372 737
1 249 737
84 183 555
97 0 499
28 349
12 132 349
7 193 349
1 0 323
36 0 344
15 0 196
39 9 349
7 0 181
4 200 349
20 0 311
35 0 174
19 0 233
27 47 349
42 7 349
2 107 349
34 30 349
9 101 349
17 0 348
3 66 349
26 69 349
18 0 296
29 98 326
21 50 349
43 15 349
23 184 344
8 89 205
28 35 152
31 83 262
0 0 214
25 614
3 497 552
3 133 298
12 395 522
9 112 493
11 567 614
0 364 401
4 105 386
2 0 449
4 73 80
4 475 505
6 275 423
1 20 380
10 29 180
0 41 352
8 56 157
6 0 70
11 284 317
7 247 385
10 212 614
8 422 469
12 0 337
8 504 557
1 399 598
3 424 459
0 452 486
19 65
63 11 65
3 1 65
46 7 65
37 33 57
24 0 62
27 0 51
80 2 65
35 13 46
30 0 59
58 0 60
70 2 62
13 4 26
68 0 60
25 1 45
73 0 42
31 1 65
19 44 65
2 0 24
56 0 48
34 533
71 336 533
0 27 443
107 0 259
94 0 441
5 166 533
9 0 410
31 18 144
130 132 533
15 361 478
67 260 533
46 63 533
73 138 256
83 30 175
109 188 533
121 0 511
62 38 533
11 97 401
37 0 211
45 0 453
10 173 533
32 0 353
87 0 415
68 72 273
38 0 519
110 41 533
8 29 533
42 210 353
31 257 400
86 254 533
72 83 447
6 310 533
47 65 533
90 83 410
54 148 533
42 924
44 0 370
30 234 924
10 351 924
12 348 924
36 91 554
101 0 814
14 0 431
75 215 924
43 0 814
120 180 924
41 64 924
85 13 924
106 4 924
21 607 924
26 0 515
97 306 924
42 0 562
50 116 924
127 350 668
54 324 924
137 0 598
102 298 924
40 0 474
64 0 883
94 320 924
98 16 782
88 0 853
19 175 924
48 0 901
33 230 924
123 188 380
21 217 407
118 354 924
18 129 924
70 0 493
66 0 417
108 220 924
53 0 393
82 331 924
117 194 924
15 0 421
71 0 835
33 492
71 0 209
8 82 492
7 0 386
49 90 492
57 292 492
48 261 492
29 0 359
40 0 428
6 34 439
10 0 458
9 267 492
21 130 492
27 154 363
47 87 489
42 0 459
32 119 480
39 237 492
43 106 306
23 170 374
22 110 492
14 187 440
17 0 441
4 0 316
65 0 222
30 20 170
34 62 320
12 143 492
38 34 138
15 45 492
24 0 330
51 23 492
28 0 166
68 0 318
27 744
53 317 744
29 0 687
22 0 382
48 124 402
1 212 613
43 290 744
47 282 476
26 256 744
8 301 744
15 0 696
13 309 639
4 443 744
14 117 744
10 0 485
11 0 640
5 160 744
7 0 744
40 0 355
44 182 414
52 63 744
6 0 578
17 0 358
24 0 636
13 0 302
12 0 733
25 0 657
51 0 717
27 82
1 24 82
3 0 79
24 0 63
20 41 77
25 35 82
0 0 28
11 22 82
18 0 69
21 2 82
10 4 82
4 25 82
9 0 41
37 44 82
2 48 82
27 7 82
34 21 37
14 7 82
32 0 67
12 19 82
30 0 51
28 20 82
6 30 82
19 4 49
15 28 82
16 28 79
23 0 77
26 40 82
27 30
45 6 29
33 0 19
46 13 30
36 0 22
2 16 25
1 2 30
15 0 27
37 0 30
8 1 15
30 19 30
5 22 30
40 10 30
32 0 22
11 7 30
12 2 30
42 0 17
29 22 30
7 2 30
22 20 26
46 4 11
44 0 29
38 0 29
16 0 21
25 8 30
9 17 30
10 18 25
23 0 16
37 176
63 73 176
74 9 113
21 55 176
85 78 176
26 0 126
77 8 176
52 54 176
19 0 150
6 37 175
57 68 105
67 3 138
58 5 77
7 0 131
35 0 167
42 0 89
75 0 82
78 119 176
15 0 117
9 0 134
70 0 113
71 0 150
14 0 167
81 0 144
28 19 176
5 84 134
53 46 176
16 0 99
36 123 176
65 5 176
61 0 165
82 11 176
4 0 140
43 0 143
80 117 176
64 5 176
47 0 176
24 16 176
1 965
82 77 965
14 853
12 71 598
1 232 853
34 332 607
26 0 672
50 100 853
38 0 613
29 35 853
46 222 853
33 0 756
37 232 853
13 0 398
17 22 636
10 0 472
28 0 702
26 129
37 0 89
29 0 101
5 22 129
10 56 129
31 28 83
23 20 129
19 72 129
38 0 107
9 23 89
6 0 101
40 33 129
17 3 129
15 55 129
33 0 100
35 43 129
21 33 129
13 0 117
25 4 88
26 4 98
3 8 129
28 0 108
8 0 129
11 36 117
32 41 83
44 30 129
39 0 61
31 702
46 0 649
113 0 565
84 40 702
53 336 702
92 222 702
90 117 307
122 184 702
47 0 418
8 101 702
22 0 466
62 316 702
121 0 277
67 0 672
108 481 702
68 101 702
101 181 702
69 0 447
115 26 702
75 0 577
16 0 496
74 0 341
98 265 702
4 339 702
105 22 702
25 96 702
42 0 682
19 0 522
97 49 702
81 133 702
119 47 702
11 0 324
4 324
82 52 319
48 93 179
11 0 223
71 160 270
49 935
42 0 518
68 337 935
27 77 935
25 361 935
24 0 407
29 4 282
12 0 802
56 43 513
8 252 808
11 161 935
31 0 770
0 0 627
36 329 557
16 194 935
49 0 803
19 287 631
18 122 935
61 403 935
20 392 935
1 0 548
52 0 891
62 259 493
64 0 733
33 38 935
9 17 935
67 568 872
37 0 698
71 0 893
38 0 654
34 0 638
70 140 935
2 0 750
13 256 935
17 476 935
40 155 591
26 565 760
22 0 778
55 66 935
26 0 538
15 89 847
54 570 833
60 98 935
43 208 495
53 357 935
5 425 935
7 155 701
23 95 494
65 516 935
41 354 700
18 755
13 121 755
18 0 550
30 418 720
63 82 755
33 0 735
61 320 613
46 0 614
57 231 755
29 27 755
19 227 755
50 258 424
2 108 755
49 197 615
30 0 347
43 0 679
45 265 755
37 0 694
16 163 755
11 485
0 222 485
42 0 285
14 86 458
78 12 455
67 216 485
74 30 485
86 155 485
10 51 301
62 246 485
25 0 417
28 0 185
11 15
2 1 7
2 9 15
3 0 4
5 7 13
7 0 8
8 3 6
8 8 15
10 2 9
11 8 13
14 6 15
16 0 6
6 565
0 0 525
28 142 565
18 201 397
25 0 360
33 190 364
16 113 336
2 387
33 0 312
0 54 314
50 79
6 7 79
99 23 79
48 36 79
60 13 79
27 46 62
92 0 72
72 40 79
94 30 79
59 37 65
29 8 79
58 0 60
16 1 79
47 0 48
69 0 53
77 0 61
78 0 66
30 30 59
73 6 79
88 0 67
79 21 79
35 2 79
18 0 60
66 14 70
9 6 61
101 29 74
75 0 71
96 0 75
67 31 72
23 0 24
14 4 79
81 16 79
3 0 71
53 4 79
24 8 79
19 26 79
74 0 63
37 40 79
97 19 79
76 0 52
86 0 63
55 1 79
1 0 37
95 34 79
65 0 26
61 45 79
98 0 43
83 18 79
8 0 79
39 21 49
26 37 79
13 595
19 4 340
25 0 443
51 7 595
23 0 447
9 0 463
58 49 443
1 192 595
59 387 595
36 47 595
29 41 595
4 0 469
57 36 595
62 0 526
47 681
18 90 591
66 353 681
24 0 493
93 270 681
78 0 410
39 105 681
51 376 674
113 0 292
36 69 681
126 14 681
40 147 577
47 214 681
25 0 589
56 498 681
130 84 681
34 295 514
21 62 435
33 155 681
9 102 681
57 44 681
79 0 569
69 0 436
23 0 680
6 0 491
42 0 680
95 0 476
38 0 527
85 126 681
13 33 681
92 213 681
10 0 429
15 0 492
32 155 306
20 0 543
102 157 497
62 35 681
128 446 681
89 141 419
61 277 656
71 0 456
3 430 681
43 71 681
107 74 681
8 127 681
114 179 681
75 0 681
81 129 681
50 875
79 0 821
99 142 875
101 0 592
109 0 590
11 182 875
76 0 785
61 101 875
21 200 875
68 415 875
77 0 554
104 0 621
92 107 519
72 99 875
89 0 681
63 164 875
106 26 391
32 0 732
41 126 875
86 349 703
94 0 623
84 0 634
23 588 839
25 0 270
103 0 535
55 531 875
43 0 667
51 0 493
40 220 809
26 0 653
75 46 826
17 493 859
42 158 670
14 69 875
5 0 748
96 97 875
93 0 871
65 0 861
24 36 875
62 0 801
44 199 875
73 0 703
9 0 648
27 121 875
49 0 875
60 0 713
98 0 694
30 232 875
102 638 875
4 309 875
88 491 875
42 822
25 0 805
20 163 822
27 1 594
61 165 822
1 0 634
89 333 822
4 55 498
73 0 822
12 0 178
6 0 371
75 0 818
35 0 741
78 156 822
48 184 822
31 256 822
41 132 822
85 74 822
40 0 610
21 175 822
102 0 663
59 0 623
16 4 822
87 172 822
91 0 442
83 51 822
36 212 544
103 155 822
38 244 822
77 423 822
9 252 822
79 271 822
26 251 822
64 0 536
82 257 822
86 0 372
100 0 733
17 0 773
15 0 777
81 58 822
51 57 822
96 0 647
7 268 822
18 231
26 61 231
20 0 217
37 84 147
28 31 224
12 0 221
17 0 212
0 75 153
22 63 231
16 2 130
27 118 231
24 0 83
18 0 216
8 126 231
5 2 138
38 42 231
7 0 221
1 35 231
31 52 231
39 961
72 114 961
97 0 780
124 341 961
42 23 961
70 238 961
119 76 961
87 65 431
4 0 727
75 0 616
129 149 961
106 699 961
87 607 820
31 0 751
125 0 871
6 718 961
69 198 451
93 561 961
79 0 372
84 366 961
86 0 683
2 0 624
113 113 886
99 0 955
100 0 839
80 8 589
62 0 851
71 0 446
116 0 330
73 0 450
32 686 961
85 357 961
49 0 535
110 0 877
61 281 961
103 0 729
121 303 961
21 22 961
68 413 961
29 102 961
1 413
44 138 413
45 445
40 109 418
55 0 349
45 0 173
24 211 445
49 41 445
47 86 445
51 286 405
66 0 386
54 244 445
9 0 207
14 0 162
39 29 445
61 0 187
37 279 401
36 0 389
28 218 366
56 0 403
17 50 445
44 37 445
8 2 402
31 253 445
68 249 424
15 6 283
20 134 445
5 195 445
42 282 445
26 0 299
13 174 445
2 0 373
46 0 285
21 26 445
6 0 172
4 59 445
38 82 300
70 151 295
41 48 445
43 59 435
7 24 445
62 155 445
0 0 229
3 0 264
16 0 427
53 78 445
64 0 236
30 154 445
40 108
75 37 107
33 13 100
40 20 108
120 10 108
121 0 86
17 0 99
38 54 104
44 15 108
24 0 36
71 48 108
122 33 102
112 0 40
45 0 95
109 0 107
97 0 100
18 20 108
104 0 107
7 13 108
42 0 94
125 10 108
76 0 57
92 2 108
91 77 100
62 44 99
102 0 108
66 0 73
4 0 101
50 19 108
114 0 83
77 5 108
8 57 108
13 0 63
127 0 108
106 14 57
117 0 99
22 12 108
81 8 108
119 0 75
85 0 59
105 34 108
42 427
1 0 309
39 135 427
11 0 328
44 0 288
6 0 412
16 13 427
47 0 284
15 0 357
25 124 427
3 39 427
42 268 368
5 0 342
26 69 262
27 0 320
7 0 252
13 207 388
8 283 427
41 0 240
52 300 427
32 86 427
19 201 415
43 0 377
29 0 395
7 259 427
33 14 394
36 94 427
0 0 359
2 26 353
30 0 380
23 1 399
21 111 427
9 136 427
49 95 427
35 0 402
38 116 232
48 0 302
17 47 401
20 202 427
12 193 427
45 307 427
46 0 344
34 0 174
50 98284
100000 5458 98284
64300 20582 98284
68536 0 71714
77429 38856 89272
98653 37320 98284
65306 0 87157
3805 0 52238
72459 0 58299
78865 0 86428
39435 16623 54774
11897 33115 98284
34572 0 23141
32250 62365 98284
10260 21091 98284
84169 36211 98284
25176 0 74258
39473 3334 86649
7089 23866 98284
55172 60001 98284
50531 32090 98284
99168 0 59733
51628 18641 98284
7660 0 93802
7183 0 82741
79718 14069 98284
25543 0 57058
23496 0 86069
17746 13062 98284
2110 5704 98284
46688 0 97748
76153 54340 77074
3376 2564 75286
98967 6405 98284
23138 7291 98284
24567 31205 98284
89293 46514 98284
28988 0 59831
8648 0 94160
10362 0 76400
52343 9819 98284
95982 24608 70273
79937 0 94564
70490 9285 98284
80488 0 40632
40116 39687 96962
74238 14411 98284
20551 61517 88444
79861 4588 98284
1714 9369 98284
41989 16633 98284
50 96584
100000 0 94697
73849 14298 96584
93796 24441 96584
13460 24999 96584
10767 56877 96584
92069 44057 96584
75407 62653 96584
96263 10526 96584
3620 9617 74034
59437 0 63032
64203 40718 96283
17953 0 52219
35414 0 67173
59734 10674 96584
78977 0 37380
16388 4097 96584
10495 0 84305
34264 0 42586
53344 0 78592
46596 0 76741
767 0 82734
76046 0 92700
69677 57469 96584
71407 0 78091
66144 0 80435
48261 34023 96584
96994 3717 71988
28809 0 63831
14149 0 96584
97692 0 94155
12011 31215 96584
99283 21773 96584
30636 0 83267
69214 0 72741
9147 0 67523
58603 38955 96584
20284 38889 94358
58663 13951 65504
97228 0 42290
31577 44555 96584
65257 18384 96584
7620 0 78381
62421 0 57178
47356 35657 96584
5542 0 88859
1532 23726 96584
58719 4324 96584
12941 0 83068
48258 0 93141
73165 44971 96584
3 617
34 0 527
45 0 500
54 49 201
50 95662
100000 0 93203
15939 39408 95662
78233 21417 59680
22573 46808 95662
95680 3718 95662
78760 6616 95662
21630 0 77763
42744 1685 95662
10371 42696 95662
6369 1349 95662
89185 0 75805
91209 34392 95662
76695 3382 95662
54379 0 63756
42216 39621 82781
82123 0 43177
50210 0 95592
63650 36896 95662
40199 0 55491
5220 0 74153
75650 1166 95662
8907 0 64871
91418 0 64500
3037 0 78739
75613 19193 95662
75828 0 90529
530 0 77094
74088 38946 95662
29122 0 56589
90981 0 69076
89895 829 95662
6093 21209 95662
25741 0 36098
18447 0 61571
16632 0 46451
52633 21435 95662
67699 12822 95662
98371 0 58226
51423 57171 95662
95708 0 94894
37474 0 85265
60686 4109 82359
85003 26420 95662
78263 0 92050
42384 0 55804
1308 44365 95662
51979 9998 95662
90596 0 83376
81879 0 77547
84959 33586 82011
39 426
35 207 351
21 0 257
23 0 379
16 0 359
17 90 426
54 231 364
11 132 426
49 168 426
34 0 376
13 0 175
47 55 426
25 335 426
53 103 342
29 37 312
7 164 426
12 74 426
45 15 426
3 0 243
41 0 385
48 194 426
39 0 386
22 96 426
37 95 297
8 30 426
43 116 426
20 0 362
44 85 426
50 0 410
10 238 426
28 0 425
38 202 426
40 0 342
0 0 313
52 121 426
36 80 426
4 121 426
24 6 426
51 263 426
19 130 426
50 99629
100000 33578 99629
93968 58008 99629
7777 61870 99629
63063 0 97400
49423 0 88597
62415 0 75824
10072 0 56236
62713 0 24174
85176 0 67480
6616 18900 99629
76738 0 51095
57889 26965 99629
38741 20514 99629
70183 81 55049
10602 15490 83959
57447 5268 34357
54944 44803 99629
4636 8185 60844
64296 13420 99629
44812 0 94407
77498 10027 99629
67244 21994 79214
1358 0 37130
27065 0 58248
9235 0 97386
34017 30123 99629
56623 16271 93391
37431 29027 99629
80162 0 63839
24606 0 65291
82671 12616 99629
97632 10606 99629
44487 7651 85687
16618 0 53003
93589 50440 99629
9665 63272 99629
59069 0 90143
54268 0 48718
55186 16785 99629
42975 11523 99629
29368 65377 99629
9458 37811 99629
80076 28844 63130
40271 0 55631
56686 45484 86363
43977 0 65067
4344 35718 89107
28882 0 51635
15018 4056 99629
30523 0 58753
45 478
35 0 285
3 215 478
23 214 432
26 0 447
48 92 281
11 41 478
6 112 478
67 156 478
61 0 229
18 158 478
52 0 230
31 0 197
1 0 456
32 0 455
53 0 116
17 257 478
25 61 478
21 176 478
27 244 417
13 1 333
34 3 182
64 0 294
8 293 478
55 0 478
47 0 462
40 0 339
0 0 301
30 118 478
4 0 440
51 264 424
57 0 398
45 202 478
41 21 158
59 161 452
58 319 478
46 178 478
60 0 214
43 0 137
46 0 168
66 30 478
28 0 423
56 112 478
61 293 478
14 0 270
65 180 478
25 327
6 36 220
24 58 327
4 0 269
14 0 195
75 0 311
90 0 237
33 24 205
107 90 327
51 75 327
64 0 317
65 0 243
53 56 327
66 28 327
18 28 107
62 131 327
68 162 279
23 21 327
16 0 134
52 0 247
55 225 327
27 204 327
73 0 145
102 112 260
8 0 188
35 0 235
50 99202
100000 0 96169
53116 50488 74909
23357 18780 99202
93787 9103 99202
77257 34264 95152
53650 55301 99202
2000 0 68636
6898 73147 99131
12900 0 33902
12858 32036 99202
65546 45191 99202
77980 0 95882
41097 0 73031
48945 0 71642
66955 51038 99202
50071 16696 99202
10494 61371 99202
67434 27037 99202
38739 0 90799
19152 16484 99202
27051 0 79043
10760 24800 99202
79707 0 58702
98486 0 60459
82801 0 84683
4012 25667 99202
19910 15157 99202
30982 0 39906
38436 29222 99202
31404 67062 97488
60985 6555 34890
35033 5793 99202
22290 0 84025
60104 36758 57780
69717 0 88052
81327 17662 42294
10245 0 56466
36295 0 76587
53402 13361 39744
8640 12064 92188
72535 17499 99202
72847 38181 90175
10876 31436 85085
93953 0 48837
89083 5610 37974
41329 11393 99202
6862 0 80494
28833 0 80754
40353 4486 93115
87949 6530 99202
18 402
77 74 402
71 0 262
66 0 99
104 0 220
24 81 402
97 49 189
84 0 168
25 0 339
41 0 329
79 17 402
64 0 106
101 299 402
35 0 325
9 290 402
57 0 195
105 159 402
46 94 213
56 14 402
10 686
5 3 686
16 358 686
14 108 686
20 93 541
17 321 637
26 0 287
27 131 686
4 210 686
9 270 602
7 0 344
25 633
27 0 595
18 0 425
41 309 633
58 412 633
60 31 500
9 145 291
22 272 633
24 159 633
46 109 633
7 0 366
3 0 357
16 150 633
1 0 434
53 343 633
30 270 633
20 0 519
62 119 633
17 82 633
49 0 486
57 0 423
8 268 633
4 478 633
5 239 633
28 0 497
66 0 585
21 471
8 0 356
0 0 394
1 12 471
10 7 471
6 0 325
7 81 471
12 45 471
34 1 471
41 118 471
40 105 471
32 0 394
27 58 471
19 0 314
18 0 319
17 0 392
2 24 471
42 88 248
43 40 471
44 308 471
23 0 440
44 0 212
41 223
23 0 178
142 9 67
100 0 182
14 133 223
17 165 223
132 0 133
114 55 223
72 34 208
33 0 156
22 66 223
66 0 169
84 3 61
92 127 223
121 0 144
3 0 121
130 50 223
133 0 166
56 47 214
98 25 223
111 103 223
21 52 205
12 37 223
0 0 82
27 80 131
128 0 215
124 21 223
40 0 212
131 106 223
39 95 223
106 138 223
61 0 127
45 0 217
104 155 217
111 0 94
75 9 181
60 0 185
99 128 223
123 56 223
82 0 145
24 0 208
19 0 134
46 531
72 157 531
57 288 531
12 282 531
30 0 456
64 370 528
15 262 531
56 60 256
40 0 446
46 152 525
41 124 531
33 0 529
70 12 531
38 184 531
37 97 531
24 417 531
26 0 311
71 0 494
81 29 531
9 137 531
52 0 486
74 195 531
78 11 531
13 273 475
36 0 421
61 58 531
22 0 394
19 130 531
73 0 505
2 0 526
39 0 245
50 8 531
42 39 233
63 0 406
47 302 485
49 275 531
67 0 441
23 0 379
68 0 220
20 0 470
34 278 531
54 0 470
4 0 469
28 0 492
79 0 440
35 0 461
3 0 490
50 100000
100000 25697 100000
96114 0 75919
55020 45840 100000
12712 30014 100000
8973 0 62582
36320 6906 56362
66239 36919 100000
98030 50788 100000
36614 0 56722
6471 46773 91136
97823 59309 100000
38506 0 72487
69706 0 97253
75371 46851 99114
71451 21863 100000
41964 21457 100000
82415 0 99442
83585 0 73981
55014 0 100000
8483 54911 82330
62819 18776 38932
92868 28387 100000
41311 0 65188
83336 15898 56458
2864 0 55258
75766 0 77956
40160 1301 100000
46238 16980 100000
75249 51257 100000
7754 22034 55502
19835 0 91045
6406 0 93733
94401 37861 100000
10218 0 50747
25496 0 59498
49929 52410 82083
88840 419 26105
47287 0 97402
34402 48022 81453
95982 0 38149
94061 4309 74476
91984 23971 70310
21500 0 80809
59436 0 57030
53720 0 40937
63724 23903 100000
44995 0 76747
16687 0 65194
59953 0 83332
16243 8047 60955
45 268
19 0 217
24 0 181
26 11 112
56 72 268
12 29 268
10 0 117
5 79 171
33 0 104
27 0 252
58 0 107
20 0 120
66 116 261
22 17 268
65 0 249
66 0 67
1 0 200
14 0 231
70 44 112
62 75 268
45 83 189
50 40 268
39 0 268
58 149 268
4 0 191
2 66 241
63 30 243
72 0 265
13 0 254
52 0 195
30 38 112
36 146 234
46 58 268
75 0 205
9 39 268
68 191 268
17 139 246
43 0 115
7 0 236
18 0 131
74 132 268
44 0 215
49 0 257
31 0 211
35 0 155
73 98 181
50 594
43 104 224
0 430 585
49 0 469
39 94 594
2 136 594
35 248 594
15 0 443
31 198 594
51 337 594
54 32 594
41 0 570
44 0 287
59 0 490
30 0 366
50 0 564
16 29 594
20 0 588
4 121 594
57 0 310
32 0 560
14 0 481
9 155 490
37 157 358
38 168 594
3 97 594
13 0 363
25 391 594
60 0 256
27 308 594
11 410 576
36 72 231
18 198 594
10 158 594
42 112 554
19 0 541
21 137 594
53 0 397
33 351 594
48 227 594
26 0 375
6 12 594
58 290 594
8 0 437
34 276 594
11 206 355
23 73 594
40 84 374
28 55 207
29 285 477
12 0 457
13 509
47 123 509
1 6 509
57 0 479
27 130 273
64 0 291
45 0 292
37 0 485
21 0 420
72 0 377
63 114 509
65 88 504
68 163 509
62 0 218
3 885
84 0 370
81 0 601
39 63 885
2 4
0 0 3
1 1 4
7 20
27 8 20
35 0 18
93 11 20
59 3 20
65 12 20
75 0 16
67 2 20
