200
22 38
24 2
2 1
11 16
42 16
38 9
16 35
45 40
44 24
15 50
16 49
24 13
39 28
13 22
20 22
2 21
34 25
10 16
21 10
7 42
35 35
46 35
45 6
45 36
26 42
32 7
27 48
11 27
39 4
47 38
33 4
26 5
47 10
47 1
3 35
32 4
35 43
4 9
47 33
16 3
26 15
2 50
30 4
34 41
26 16
40 17
2 50
31 26
3 11
5 5
39 26
50 22
36 6
21 21
9 16
26 35
33 30
42 48
47 43
4 4
34 32
43 47
5 23
46 36
14 28
47 34
16 17
21 4
21 18
4 2
41 41
13 19
10 49
23 2
50 3
37 2
11 6
40 21
34 39
34 15
40 19
17 32
46 18
48 36
38 46
40 11
50 19
50 39
28 22
30 37
29 15
46 22
49 43
28 30
17 25
50 48
11 37
29 34
42 9
50 20
10 48
10 21
35 3
34 34
10 28
23 50
41 29
25 9
7 31
18 35
35 10
29 19
49 39
39 18
30 18
2 23
27 49
35 38
35 26
6 32
5 31
43 16
10 14
37 47
49 42
30 40
11 34
47 26
40 47
39 41
22 14
50 25
6 49
38 4
31 20
20 21
23 34
26 23
8 17
12 45
12 35
23 7
6 47
3 9
20 5
21 12
31 34
2 28
45 13
50 38
16 16
38 21
35 20
11 10
16 19
5 21
48 4
26 20
44 8
30 13
14 27
13 37
50 50
36 37
20 23
29 28
48 47
46 1
18 29
18 14
44 10
15 19
44 17
20 36
5 40
14 50
42 7
24 41
32 45
27 8
44 14
24 40
21 30
15 9
47 9
25 50
34 7
9 25
48 15
27 3
18 21
22 34
24 19
11 22
45 49
24 14
46 6
50 1
43 12
35 19
